0, 1, 2, 3, 4, 5, 6, 7, 8, 9, 10, 11, 12, 13, 14, 15, 16, 17, 18, 19, 20, 21, 22, 23, 24, 25, 26, 27, 28, 29, 30, 31, 32, 33, 34, 35, 36, 37, 38, 39, 40, 41, 42, 43, 44, 45, 46, 47, 48, 49, 50, 51, 52, 53, 54, 55, 56, 57, 58, 59, 60, 61, 62, 63, 64, 65, 66, 67, 68, 69, 70, 71, 72, 73, 74, 75, 76, 77, 78, 79, 80, 81, 82, 83, 84, 85, 86, 87, 88, 89, 90, 91, 92, 93, 94, 95, 96, 97, 98, 99, 100
0.5, 0, 0.138629, 0.398169, 0, 0.277259, 0, 0, 0.137327, 0, 0, 0, 0, 0.169017, 0, 0, 0, 0, 0, 0, 0, 0, 0, 0, 0, 0, 0, 0, 0, 0, 0, 0, 0, 0, 0, 0, 0, 0, 0, 0, 0, 0, 0, 0, 0, 0, 0, 0, 0, 0, 0, 0, 0, 0, 0, 0, 0, 0, 0, 0, 0, 0, 0, 0, 0, 0, 0, 0, 0, 0, 0, 0, 0, 0, 0, 0, 0, 0, 0, 0, 0, 0, 0, 0, 0, 0, 0, 0, 0, 0, 0, 0, 0, 0, 0, 0, 0, 0, 0, 0, 0
0.505051, 0, 0.173287, 0.298627, 0.216608, 0.119451, 0.192541, 0.099021, 0.0866434, 0, 0, 0.11295, 0.0746566, 0, 0.127983, 0, 0, 0, 0.199084, 0, 0, 0, 0, 0, 0, 0, 0, 0, 0, 0, 0, 0, 0, 0, 0, 0, 0, 0, 0, 0, 0.138236, 0, 0, 0, 0, 0, 0, 0, 0, 0, 0, 0, 0, 0, 0, 0, 0, 0, 0, 0, 0, 0, 0, 0, 0, 0, 0, 0, 0, 0, 0, 0, 0, 0, 0, 0, 0, 0, 0, 0, 0, 0, 0, 0, 0, 0, 0, 0, 0, 0, 0, 0, 0, 0, 0, 0, 0, 0, 0, 0, 0
0.510101, 0, 0.0693147, 0.231049, 0.103972, 0.138629, 0.215067, 0.198042, 0.230555, 0.0770164, 0.119451, 0.11295, 0.213746, 0, 0, 0, 0, 0, 0.185122, 0, 0.213833, 0, 0, 0, 0, 0, 0, 0.107051, 0, 0, 0, 0, 0, 0, 0, 0, 0, 0, 0, 0, 0, 0, 0, 0, 0, 0, 0, 0, 0, 0, 0, 0, 0, 0, 0, 0, 0, 0, 0, 0, 0, 0, 0, 0, 0, 0, 0, 0, 0, 0, 0, 0, 0, 0, 0, 0, 0, 0, 0, 0, 0, 0, 0, 0, 0, 0, 0, 0, 0, 0, 0, 0, 0, 0, 0, 0, 0, 0, 0, 0, 0
0.515152, 0, 0.0866434, 0.0462098, 0.138629, 0.16566, 0.103538, 0, 0.216608, 0.115525, 0, 0, 0, 0, 0.0247553, 0, 0.121619, 0, 0, 0.265782, 0, 0, 0, 0, 0, 0, 0, 0, 0, 0, 0, 0, 0, 0, 0, 0, 0, 0, 0, 0, 0, 0, 0, 0, 0, 0, 0, 0, 0, 0, 0, 0, 0, 0, 0, 0, 0, 0, 0, 0, 0, 0, 0, 0, 0, 0, 0, 0, 0, 0, 0, 0, 0, 0, 0, 0, 0, 0, 0, 0, 0, 0, 0, 0, 0, 0, 0, 0, 0, 0, 0, 0, 0, 0, 0, 0, 0, 0, 0, 0, 0
0.520202, 0, 0.0693147, 0.154033, 0.0866434, 0.0462098, 0, 0.208668, 0.0433217, 0.0385082, 0.256495, 0.252054, 0, 0.106638, 0, 0, 0, 0, 0.0770164, 0, 0, 0.146995, 0, 0, 0, 0, 0, 0, 0, 0, 0, 0, 0, 0, 0, 0, 0, 0, 0, 0, 0, 0, 0, 0, 0, 0, 0, 0, 0, 0, 0, 0, 0, 0, 0, 0, 0, 0, 0, 0, 0, 0, 0, 0, 0, 0, 0, 0, 0, 0, 0, 0, 0, 0, 0, 0, 0, 0, 0, 0, 0, 0, 0, 0, 0, 0, 0, 0, 0, 0, 0, 0, 0, 0, 0, 0, 0, 0, 0, 0, 0
0.525253, 0, 0.0577623, 0.231049, 0.137327, 0.210931, 0, 0.187979, 0.18397, 0, 0, 0, 0.132419, 0, 0, 0.192691, 0.0649825, 0, 0, 0, 0, 0, 0, 0, 0, 0, 0.0619015, 0, 0, 0, 0, 0.140539, 0, 0, 0, 0, 0, 0, 0, 0, 0, 0, 0, 0, 0, 0, 0, 0, 0, 0, 0, 0, 0, 0, 0, 0, 0, 0, 0, 0, 0, 0, 0, 0, 0, 0, 0, 0, 0, 0, 0, 0, 0, 0, 0, 0, 0, 0, 0, 0, 0, 0, 0, 0, 0, 0, 0, 0, 0, 0, 0, 0, 0, 0, 0, 0, 0, 0, 0, 0, 0
0.530303, 0, 0.231049, 0.154033, 0.346574, 0, 0.183102, 0.198042, 0.246906, 0.388501, 0.0693147, 0, 0, 0, 0, 0, 0, 0.146171, 0, 0.0943031, 0.195601, 0.203651, 0, 0, 0, 0, 0, 0.211985, 0, 0.165086, 0, 0, 0, 0, 0, 0, 0, 0, 0, 0, 0, 0, 0, 0, 0, 0, 0, 0, 0, 0, 0, 0, 0, 0, 0, 0, 0, 0, 0, 0, 0, 0, 0, 0, 0, 0, 0, 0, 0, 0, 0, 0, 0, 0, 0, 0, 0, 0, 0, 0, 0, 0, 0, 0, 0, 0, 0, 0, 0, 0, 0, 0, 0, 0, 0, 0, 0, 0, 0, 0, 0
0.535354, 0, 0.0866434, 0.184839, 0.173287, 0.248491, 0.231049, 0.127983, 0.0866434, 0, 0, 0, 0, 0.289323, 0.156945, 0.192691, 0.0686633, 0.223921, 0, 0, 0.124245, 0, 0, 0, 0, 0, 0, 0, 0, 0.173237, 0, 0, 0, 0, 0, 0, 0, 0, 0, 0, 0, 0, 0, 0, 0, 0, 0, 0, 0, 0, 0, 0, 0, 0, 0, 0, 0, 0, 0, 0, 0, 0, 0, 0, 0, 0, 0, 0, 0, 0, 0, 0, 0, 0, 0, 0, 0, 0, 0, 0, 0, 0, 0, 0, 0, 0, 0, 0, 0, 0, 0, 0, 0, 0, 0, 0, 0, 0, 0, 0, 0
0.540404, 0, 0, 0.0770164, 0, 0.0693147, 0, 0.342556, 0, 0, 0.146068, 0, 0.173287, 0, 0, 0, 0, 0.0946728, 0.227464, 0.0578217, 0, 0.21735, 0.217613, 0, 0, 0, 0, 0, 0, 0, 0, 0.203487, 0, 0, 0, 0, 0, 0, 0.22029, 0, 0, 0, 0, 0, 0, 0, 0, 0, 0, 0, 0, 0, 0, 0, 0, 0, 0, 0, 0, 0, 0, 0, 0, 0, 0, 0, 0, 0, 0, 0, 0, 0, 0, 0, 0, 0, 0, 0, 0, 0, 0, 0, 0, 0, 0, 0, 0, 0, 0, 0, 0, 0, 0, 0, 0, 0, 0, 0, 0, 0, 0
0.545455, 0, 0.115525, 0.202168, 0.173287, 0.0346574, 0.149313, 0, 0.173287, 0.0770164, 0.109861, 0.204537, 0.225671, 0, 0.215382, 0, 0, 0, 0.13805, 0, 0, 0, 0, 0, 0.280558, 0, 0, 0.138432, 0, 0, 0, 0, 0.293207, 0, 0, 0, 0, 0, 0, 0, 0, 0, 0, 0, 0, 0, 0, 0, 0, 0, 0, 0, 0, 0, 0, 0, 0, 0, 0, 0, 0, 0, 0, 0, 0, 0, 0, 0, 0, 0, 0, 0, 0, 0, 0, 0, 0, 0, 0, 0, 0, 0, 0, 0, 0, 0, 0, 0, 0, 0, 0, 0, 0, 0, 0, 0, 0, 0, 0, 0, 0
0.550505, 0, 0.198042, 0.380362, 0.1613, 0.158903, 0.176559, 0.160707, 0.212575, 0.276101, 0.256495, 0, 0.091551, 0.137828, 0, 0.202968, 0.0433217, 0.186944, 0, 0, 0, 0.199507, 0, 0, 0, 0.16994, 0.195199, 0, 0, 0.0757664, 0, 0, 0, 0, 0, 0, 0, 0.177818, 0, 0, 0, 0, 0, 0, 0, 0, 0, 0, 0, 0.1097, 0, 0, 0, 0, 0, 0, 0, 0, 0, 0, 0, 0, 0, 0, 0, 0, 0, 0, 0, 0, 0, 0, 0, 0, 0, 0, 0, 0, 0, 0, 0, 0, 0, 0, 0, 0, 0, 0, 0, 0, 0, 0, 0, 0, 0, 0, 0, 0, 0, 0, 0
0.555556, 0, 0.25993, 0.298627, 0, 0.138629, 0.207648, 0.099021, 0.14814, 0.284994, 0, 0.13617, 0.115525, 0, 0.177493, 0.134178, 0, 0, 0.0690252, 0.237123, 0, 0, 0, 0, 0, 0, 0.168539, 0.0663615, 0.0639914, 0.276989, 0, 0, 0, 0, 0, 0, 0, 0, 0, 0, 0, 0, 0, 0.183222, 0, 0, 0, 0, 0, 0, 0, 0, 0, 0, 0, 0, 0, 0, 0, 0, 0, 0, 0, 0, 0, 0, 0, 0, 0, 0, 0, 0, 0, 0, 0, 0, 0, 0, 0, 0, 0, 0, 0, 0, 0, 0, 0, 0, 0, 0, 0, 0, 0, 0, 0, 0, 0, 0, 0, 0, 0
0.560606, 0, 0.138629, 0.183102, 0.111985, 0.0732408, 0.127921, 0.238015, 0.0866434, 0.150447, 0, 0.0998738, 0.184617, 0.138298, 0, 0.157283, 0.0686633, 0.227718, 0.115525, 0.273314, 0, 0.118329, 0.195639, 0.0904105, 0.1613, 0, 0, 0, 0, 0, 0, 0, 0, 0, 0.130318, 0, 0, 0.149444, 0, 0, 0, 0, 0, 0, 0, 0, 0, 0, 0, 0, 0, 0, 0, 0, 0, 0, 0, 0, 0, 0, 0, 0, 0, 0, 0, 0, 0, 0, 0, 0, 0, 0, 0, 0, 0, 0, 0, 0, 0, 0, 0, 0, 0, 0, 0, 0, 0, 0, 0, 0, 0, 0, 0, 0, 0, 0, 0, 0, 0, 0, 0
0.565657, 0, 0.115525, 0.0995422, 0.115525, 0.296745, 0.061034, 0.255966, 0.22397, 0.231049, 0.109861, 0.199183, 0.030517, 0.137828, 0, 0, 0, 0.175019, 0, 0, 0.234107, 0.210136, 0.11231, 0.150342, 0, 0, 0.0955733, 0.272878, 0, 0.171373, 0, 0, 0.187233, 0, 0, 0, 0.096529, 0, 0.335973, 0, 0, 0, 0, 0, 0, 0, 0, 0, 0.151508, 0, 0, 0, 0, 0, 0.143378, 0, 0, 0, 0, 0, 0, 0, 0, 0, 0, 0, 0, 0, 0, 0, 0, 0, 0, 0, 0, 0, 0, 0, 0, 0, 0, 0, 0, 0, 0, 0, 0, 0, 0, 0, 0, 0, 0, 0, 0, 0, 0, 0, 0, 0, 0
0.570707, 0, 0.231049, 0.231049, 0.137327, 0.089588, 0.0995422, 0.188504, 0.230555, 0.199084, 0.19356, 0, 0, 0.120596, 0.198042, 0, 0.236512, 0.193994, 0.149461, 0, 0.0693147, 0, 0.214477, 0.173434, 0, 0, 0, 0.158395, 0.206455, 0, 0, 0, 0.0776533, 0.13498, 0, 0.221211, 0, 0, 0, 0, 0, 0, 0, 0, 0, 0, 0, 0, 0, 0, 0, 0, 0, 0, 0, 0, 0, 0, 0, 0, 0, 0, 0, 0, 0, 0, 0, 0, 0, 0, 0, 0, 0, 0, 0, 0, 0, 0, 0, 0, 0, 0, 0, 0, 0, 0, 0, 0, 0, 0, 0, 0, 0, 0, 0, 0, 0, 0, 0, 0, 0
0.575758, 0, 0.115525, 0.183102, 0.149313, 0.109861, 0.191463, 0.0495105, 0, 0.0770164, 0.160944, 0, 0, 0.259862, 0.168518, 0.175937, 0.0433217, 0.312421, 0.13805, 0.175245, 0.109861, 0.273932, 0.170353, 0.300163, 0.117978, 0, 0, 0.157352, 0, 0.0617848, 0, 0, 0, 0, 0, 0, 0, 0, 0, 0, 0, 0, 0, 0, 0, 0, 0, 0, 0, 0, 0, 0, 0, 0, 0, 0, 0, 0, 0, 0, 0, 0, 0, 0, 0, 0, 0, 0, 0, 0, 0, 0, 0, 0, 0, 0, 0, 0, 0, 0, 0, 0, 0, 0, 0, 0, 0, 0, 0, 0, 0, 0, 0, 0, 0, 0, 0, 0, 0, 0, 0
0.580808, 0, 0.207944, 0.21187, 0.283148, 0.179176, 0.237593, 0.0784723, 0, 0.218004, 0.210931, 0.113263, 0.310177, 0, 0.45351, 0, 0, 0.114465, 0.256396, 0.270614, 0.192967, 0.101825, 0.11295, 0.169201, 0.126426, 0.269903, 0.130815, 0, 0.099021, 0.188988, 0.130401, 0, 0, 0, 0, 0, 0, 0, 0, 0.158302, 0, 0, 0.195284, 0.270195, 0.108807, 0, 0, 0, 0, 0.205127, 0, 0, 0, 0, 0, 0, 0, 0, 0, 0, 0, 0, 0, 0, 0, 0, 0, 0, 0, 0, 0, 0, 0, 0, 0, 0, 0, 0, 0, 0, 0, 0, 0, 0, 0, 0, 0, 0, 0, 0, 0, 0, 0, 0, 0, 0, 0, 0, 0, 0, 0
0.585859, 0, 0.148532, 0.0995422, 0.179176, 0.127122, 0.0770164, 0.261965, 0.195089, 0.147175, 0.158903, 0.225901, 0.319053, 0.188524, 0, 0.153506, 0.240279, 0.201969, 0.191728, 0.146466, 0, 0.118329, 0.0998738, 0, 0.245943, 0.127122, 0.237453, 0, 0.113502, 0, 0.231858, 0.221514, 0.24732, 0.191909, 0, 0.141995, 0, 0, 0, 0, 0, 0, 0, 0, 0, 0.0909854, 0, 0, 0, 0, 0, 0, 0, 0, 0, 0.139292, 0, 0, 0, 0, 0, 0, 0, 0, 0, 0, 0, 0, 0, 0, 0, 0, 0, 0, 0, 0, 0, 0, 0, 0, 0, 0, 0, 0, 0, 0, 0, 0, 0, 0, 0, 0, 0, 0, 0, 0, 0, 0, 0, 0, 0
0.590909, 0, 0.138629, 0.149313, 0.354041, 0.179176, 0.321317, 0.177493, 0.212575, 0.199084, 0.0693147, 0, 0.162879, 0.275655, 0.457161, 0.243584, 0.263284, 0.166558, 0.061034, 0.291231, 0, 0, 0, 0, 0.206489, 0.133288, 0.1915, 0, 0, 0.138178, 0.0767528, 0, 0.241125, 0.15417, 0.196606, 0.133775, 0, 0.185761, 0, 0.163456, 0.092222, 0.185848, 0.222539, 0, 0, 0, 0, 0, 0, 0, 0.201856, 0, 0, 0, 0, 0, 0, 0, 0, 0, 0, 0, 0, 0, 0, 0, 0, 0, 0, 0, 0, 0, 0, 0, 0, 0, 0, 0, 0, 0, 0, 0, 0, 0, 0, 0, 0, 0, 0, 0, 0, 0, 0, 0, 0, 0, 0, 0, 0, 0, 0
0.59596, 0, 0.25993, 0.184839, 0.235925, 0.175937, 0.183102, 0.227004, 0.0866434, 0.233701, 0.0804719, 0.11295, 0, 0.237772, 0.163012, 0.267756, 0.19319, 0.14927, 0, 0, 0.18051, 0.137637, 0.132207, 0.202758, 0, 0.215378, 0, 0.271375, 0.151218, 0, 0, 0.195867, 0.245631, 0, 0, 0, 0.149393, 0.117009, 0.112544, 0.168209, 0.262481, 0, 0.180002, 0.190435, 0, 0, 0.189293, 0, 0, 0, 0, 0, 0, 0, 0, 0, 0, 0, 0, 0, 0, 0.220946, 0, 0, 0, 0, 0, 0, 0, 0.181441, 0, 0.198372, 0.23096, 0, 0, 0, 0, 0, 0, 0, 0, 0, 0, 0, 0, 0, 0, 0, 0.114289, 0, 0, 0, 0, 0, 0, 0, 0, 0, 0, 0, 0
0.60101, 0, 0.231049, 0.250357, 0.277684, 0.119451, 0.276101, 0.242943, 0.242602, 0.149087, 0.144519, 0.172009, 0.296279, 0, 0.272996, 0.146482, 0.180648, 0.193023, 0.182315, 0.291037, 0.232459, 0.197667, 0, 0.168313, 0.176591, 0.205437, 0, 0, 0.197439, 0.12357, 0, 0.195756, 0, 0, 0.283573, 0, 0, 0.188169, 0.101874, 0, 0.253365, 0, 0, 0.166485, 0.228995, 0, 0, 0, 0.262906, 0, 0, 0, 0, 0.284511, 0, 0.211272, 0, 0, 0, 0, 0, 0, 0, 0, 0, 0, 0.171091, 0.167988, 0, 0, 0, 0, 0, 0, 0, 0, 0, 0, 0, 0, 0, 0.193731, 0, 0, 0, 0, 0, 0, 0, 0, 0, 0, 0, 0, 0, 0, 0, 0, 0, 0, 0
0.606061, 0, 0.138629, 0.283364, 0.25993, 0.268357, 0.112835, 0.182999, 0.299218, 0.165296, 0.213833, 0.20747, 0.262637, 0.111168, 0.334438, 0.14764, 0.203446, 0.298654, 0.315375, 0.187613, 0.165997, 0.242357, 0.28547, 0.181536, 0.190181, 0.29501, 0.122233, 0.195862, 0.170982, 0, 0.21423, 0.278588, 0, 0.144822, 0.217176, 0, 0, 0, 0.215227, 0, 0.146305, 0, 0, 0, 0.269174, 0.196234, 0.101785, 0, 0, 0, 0, 0, 0, 0.19867, 0, 0, 0.310121, 0, 0, 0, 0, 0, 0.253826, 0, 0, 0, 0, 0, 0, 0, 0, 0, 0.0993697, 0, 0, 0, 0.121816, 0, 0, 0, 0, 0, 0, 0.235364, 0, 0, 0, 0, 0, 0, 0, 0, 0, 0, 0, 0, 0, 0, 0, 0, 0
0.611111, 0, 0.138629, 0.176559, 0.111985, 0.228898, 0.177021, 0.173152, 0.317587, 0.343449, 0.089588, 0.159318, 0, 0.435879, 0.254527, 0.302139, 0.111985, 0.148525, 0, 0.192819, 0.293433, 0.132028, 0, 0.194667, 0.169185, 0, 0.156148, 0.177315, 0.199944, 0.109588, 0, 0.165282, 0.206347, 0.201049, 0.208114, 0.146399, 0.258226, 0, 0.276296, 0, 0.204717, 0.21365, 0.207462, 0, 0.251383, 0, 0, 0, 0, 0.263949, 0, 0, 0, 0.228466, 0.10487, 0, 0, 0.262163, 0, 0, 0, 0, 0, 0, 0, 0, 0, 0, 0, 0, 0, 0.200495, 0, 0, 0, 0, 0, 0, 0, 0, 0, 0, 0, 0, 0, 0, 0, 0, 0, 0.206957, 0, 0, 0.164928, 0, 0, 0, 0, 0, 0, 0, 0
0.616162, 0, 0.154033, 0.198042, 0.144519, 0.146482, 0.176559, 0.170644, 0.368572, 0.115525, 0.250371, 0.235551, 0.366527, 0.123803, 0.214903, 0.0828302, 0.244301, 0.105398, 0.188331, 0.246428, 0.158903, 0, 0, 0.136126, 0.144336, 0.1915, 0.236149, 0, 0.207199, 0.228001, 0.15454, 0.259535, 0, 0.240699, 0.107942, 0.212187, 0.263504, 0.126376, 0.20927, 0, 0, 0, 0, 0, 0, 0.216879, 0, 0, 0.292753, 0, 0, 0, 0, 0, 0, 0.221364, 0, 0.225933, 0, 0.160502, 0, 0, 0.25883, 0, 0, 0.198013, 0, 0.263719, 0.169728, 0, 0.223358, 0, 0, 0, 0, 0, 0, 0, 0, 0, 0, 0, 0, 0, 0, 0, 0, 0, 0, 0, 0, 0, 0, 0, 0, 0, 0, 0, 0, 0, 0
0.621212, 0, 0, 0.154033, 0.255897, 0.154848, 0.374984, 0.194969, 0.210411, 0.251108, 0.33673, 0.146313, 0.330858, 0.297885, 0.25496, 0.238901, 0.224141, 0.220782, 0.242968, 0, 0.201662, 0.170644, 0.175964, 0.222042, 0.244688, 0.22532, 0.0611164, 0.222275, 0.144146, 0, 0.273178, 0.178971, 0.158442, 0, 0.170739, 0.190702, 0.207982, 0.222389, 0.149025, 0, 0, 0.231595, 0, 0, 0.178, 0, 0.270958, 0.158611, 0.226165, 0, 0.197334, 0, 0, 0, 0, 0, 0, 0, 0, 0, 0.209512, 0.141946, 0, 0, 0.170289, 0, 0.148657, 0.183868, 0, 0.29395, 0, 0, 0.170286, 0.216081, 0, 0, 0, 0, 0, 0, 0, 0, 0, 0, 0, 0, 0, 0, 0, 0, 0, 0.208696, 0, 0, 0, 0, 0.182781, 0, 0, 0, 0
0.626263, 0, 0.247553, 0.149313, 0.158903, 0.219101, 0.154033, 0.110606, 0.272294, 0, 0.162957, 0.280027, 0.262906, 0.205474, 0.277463, 0.202968, 0.228186, 0.24025, 0.196095, 0.152125, 0.089588, 0.279221, 0.164242, 0.192644, 0.237098, 0, 0, 0.132723, 0.252465, 0, 0, 0, 0.120975, 0.185766, 0, 0, 0.247874, 0.182745, 0.205059, 0.196912, 0.154345, 0.275093, 0.23462, 0.236913, 0, 0, 0.281872, 0, 0.128879, 0, 0.149911, 0.196528, 0.173192, 0, 0.215823, 0, 0, 0, 0.213644, 0, 0, 0, 0, 0, 0, 0, 0.124397, 0, 0, 0.203551, 0, 0, 0, 0, 0.14511, 0.213617, 0, 0, 0, 0, 0.199596, 0, 0, 0, 0, 0, 0, 0, 0.232809, 0, 0, 0, 0, 0, 0, 0, 0, 0, 0.155457, 0, 0
0.631313, 0, 0.173287, 0.238901, 0.19356, 0.247448, 0.414151, 0.132028, 0.147747, 0.179705, 0.288416, 0.290445, 0.144406, 0.202211, 0.180002, 0.271856, 0.256159, 0.257927, 0.26347, 0, 0.286253, 0.258175, 0.220048, 0.224804, 0.286138, 0.221807, 0.28901, 0.25317, 0.189621, 0.153135, 0.144794, 0.136716, 0, 0.251441, 0.241233, 0.23416, 0, 0, 0.200067, 0.194869, 0, 0.19952, 0, 0.239928, 0, 0.246393, 0.166218, 0, 0, 0.191441, 0, 0.188389, 0.259685, 0.183818, 0.192698, 0, 0, 0, 0, 0, 0, 0.128855, 0, 0, 0.241825, 0.159987, 0, 0.187387, 0, 0, 0, 0.198623, 0.126787, 0.204949, 0, 0.204801, 0, 0.230048, 0, 0, 0, 0.196965, 0, 0.179009, 0, 0, 0, 0.172718, 0, 0.203813, 0, 0, 0, 0, 0, 0, 0, 0.155341, 0, 0.206795, 0
0.636364, 0, 0.231049, 0.285111, 0.198628, 0.179176, 0.246156, 0.228467, 0.156064, 0.220394, 0.2828, 0.216329, 0.273405, 0.198572, 0, 0.252279, 0.294358, 0.203867, 0.260118, 0.286063, 0.211909, 0.0853219, 0.22462, 0.264528, 0.153703, 0, 0.308356, 0, 0.205335, 0.193436, 0.152375, 0.211325, 0.207199, 0.167558, 0.150717, 0.204573, 0.174142, 0.187728, 0, 0.208516, 0.196335, 0.238286, 0, 0.213011, 0.177166, 0.262583, 0.227146, 0.143926, 0.217948, 0, 0.178421, 0.146884, 0, 0.11137, 0.233957, 0, 0, 0, 0, 0.244487, 0.245942, 0, 0, 0, 0.200315, 0, 0.204868, 0.195165, 0.154401, 0.149324, 0, 0, 0, 0, 0, 0, 0, 0, 0.179472, 0, 0, 0, 0.148776, 0.24401, 0.232362, 0, 0, 0, 0, 0.171057, 0, 0, 0.176901, 0, 0, 0.12048, 0.137106, 0, 0, 0, 0.228532
0.641414, 0, 0.231049, 0.331321, 0.317805, 0.177233, 0.204938, 0.337036, 0.24046, 0.176559, 0.217009, 0.259865, 0.158237, 0.208768, 0.101186, 0.250564, 0.201429, 0.215599, 0.211835, 0.244924, 0.299357, 0.226629, 0.21547, 0.172707, 0.248373, 0, 0.164144, 0.184067, 0, 0.264077, 0.274264, 0.290987, 0, 0.233241, 0.21722, 0, 0, 0.308041, 0, 0.232733, 0.129824, 0.206464, 0.191487, 0.144339, 0, 0.324715, 0.133098, 0.24145, 0.213981, 0, 0.320865, 0.242465, 0.255719, 0.269969, 0.255502, 0.191707, 0, 0, 0, 0, 0, 0, 0, 0.314108, 0, 0, 0, 0.215963, 0.0865604, 0.244943, 0, 0.24355, 0, 0, 0.171288, 0, 0, 0, 0.192596, 0, 0.188446, 0.141127, 0, 0, 0.2304, 0, 0, 0, 0, 0, 0, 0, 0, 0, 0, 0.207339, 0, 0, 0, 0, 0.148072
0.646465, 0, 0.216608, 0.0924196, 0.0577623, 0.265518, 0.124822, 0.215723, 0.227281, 0.256114, 0.194672, 0.235226, 0.0288811, 0.308014, 0.253786, 0.21467, 0.244501, 0.233157, 0.347435, 0.195436, 0.261391, 0, 0.269646, 0.232232, 0.141717, 0.266698, 0.258186, 0.215005, 0.150568, 0.193743, 0.169881, 0.173815, 0.173487, 0.302939, 0.214122, 0, 0, 0.322698, 0.215232, 0.267568, 0.22558, 0.288425, 0.205308, 0.250392, 0.335067, 0.250172, 0.243313, 0, 0.238513, 0, 0.242095, 0.246015, 0.223138, 0.25691, 0.242107, 0.243708, 0, 0.178834, 0, 0, 0.252786, 0, 0.231742, 0.237665, 0.20329, 0, 0, 0.241488, 0, 0, 0, 0, 0, 0, 0, 0.214132, 0.260635, 0.186859, 0.201423, 0, 0.219182, 0, 0.246304, 0, 0, 0.224541, 0, 0.217772, 0, 0, 0.162863, 0, 0, 0.271074, 0, 0, 0.172922, 0.230042, 0.22462, 0, 0
0.651515, 0, 0.115525, 0.231049, 0.24195, 0.283148, 0.286122, 0.228753, 0.358131, 0.259773, 0.207157, 0.227064, 0.234353, 0.159351, 0.20127, 0.257555, 0.23208, 0.205677, 0.224757, 0.189563, 0.238702, 0.268202, 0.176481, 0.170286, 0, 0.276703, 0, 0.131112, 0.219634, 0.166768, 0.184176, 0.186275, 0.237368, 0.190654, 0, 0.236686, 0.266008, 0.237202, 0.258663, 0.222745, 0.245796, 0.232804, 0.235054, 0, 0.320373, 0, 0.25967, 0.317559, 0, 0, 0.201696, 0.313883, 0.237447, 0.221493, 0.165674, 0.214478, 0.271438, 0.160869, 0, 0.197909, 0.164386, 0.216401, 0, 0.214056, 0, 0.193036, 0, 0.225203, 0.203602, 0, 0, 0.214778, 0, 0, 0.174758, 0.185591, 0.229663, 0.154415, 0.208156, 0.21755, 0, 0, 0, 0, 0.211041, 0, 0, 0.129694, 0.202061, 0, 0.153528, 0, 0.282846, 0.283991, 0.298413, 0.174658, 0, 0.17013, 0, 0.24014, 0
0.656566, 0, 0.099021, 0.154033, 0.207754, 0.235444, 0.205902, 0.312272, 0.126879, 0.264123, 0.220321, 0.163417, 0.166994, 0.218591, 0.244704, 0.259965, 0.283097, 0.0543645, 0.186648, 0.271607, 0.275499, 0.237435, 0.224787, 0.277909, 0.233543, 0.273376, 0.29215, 0.206059, 0.260635, 0.255433, 0.0673842, 0.195397, 0.244793, 0.145076, 0.272673, 0.234352, 0.300745, 0.267614, 0.257115, 0.296795, 0.191573, 0.218855, 0.228852, 0.227364, 0.274711, 0.215563, 0, 0.229975, 0.23816, 0, 0, 0.256493, 0, 0, 0.281535, 0.262685, 0.346138, 0.247185, 0.1448, 0, 0.263125, 0.333091, 0.261998, 0, 0.200551, 0.210975, 0, 0, 0, 0, 0.274856, 0, 0.240595, 0, 0, 0.229688, 0.166795, 0.232989, 0.21228, 0, 0.229314, 0, 0.272817, 0.272018, 0.191605, 0.199117, 0, 0.285263, 0.190567, 0, 0.241424, 0.293926, 0.182804, 0, 0, 0.201016, 0.151227, 0.210568, 0.165858, 0.232568, 0.217802
0.661616, 0, 0.277259, 0.288973, 0.29377, 0.293761, 0.18455, 0.27878, 0.265531, 0.258254, 0.25316, 0.235855, 0.303591, 0.259969, 0.268404, 0.236071, 0.192583, 0.213465, 0.248415, 0.216042, 0.242298, 0.318377, 0.258687, 0.311528, 0.205578, 0.217377, 0.122233, 0.265378, 0.236716, 0.249249, 0.184314, 0.263551, 0.272981, 0.254443, 0.18278, 0.278299, 0.250296, 0.287121, 0, 0.271256, 0.275941, 0.230629, 0.263515, 0.279034, 0.214277, 0.223123, 0.215917, 0.238926, 0.291319, 0.246052, 0.248035, 0.234346, 0.172984, 0.222683, 0.235463, 0.230551, 0.13044, 0, 0.221795, 0.261787, 0.249342, 0.230287, 0.2001, 0.233532, 0.229548, 0.206036, 0.240219, 0, 0.202659, 0, 0.200428, 0.228309, 0.214011, 0.247835, 0.26149, 0.248513, 0.195215, 0, 0, 0.175416, 0.222077, 0.306971, 0.214897, 0.216355, 0, 0, 0, 0, 0.273853, 0.239937, 0.280305, 0, 0, 0.261697, 0.266525, 0.178785, 0.231178, 0.202233, 0.231405, 0, 0.224613
0.666667, 0, 0.148532, 0.30429, 0.207944, 0.0921034, 0.270985, 0.198596, 0.284684, 0.245448, 0.308689, 0.254802, 0.300783, 0.276127, 0.365543, 0.320608, 0.214195, 0.257301, 0.219349, 0.256243, 0.178472, 0.278648, 0.253055, 0.262737, 0.255462, 0.272918, 0.219526, 0.231426, 0.291928, 0.258873, 0.289419, 0.255951, 0.249116, 0.218469, 0.187775, 0.259826, 0.256573, 0.192034, 0.243482, 0.234025, 0, 0.232709, 0.230991, 0.211221, 0.284067, 0.337577, 0.269278, 0.187316, 0.236987, 0.21969, 0, 0.259675, 0, 0.249761, 0.228255, 0.224088, 0.280372, 0.253795, 0.221882, 0.273427, 0, 0.245936, 0.270079, 0.193296, 0.172107, 0.302479, 0.242977, 0, 0.192001, 0, 0.235574, 0.263243, 0.201452, 0.241476, 0.267884, 0, 0.243672, 0.291222, 0.241254, 0.236493, 0.293497, 0.244516, 0.247766, 0, 0.255091, 0, 0.290118, 0.224883, 0.198359, 0.225037, 0.266364, 0.235076, 0, 0.266857, 0.223722, 0.213227, 0.275284, 0, 0.23458, 0.297305, 0.234397
0.671717, 0, 0.173287, 0.308065, 0.179176, 0.352463, 0.0828302, 0.221211, 0.268469, 0.164104, 0.359409, 0.234618, 0.199594, 0.338872, 0.381206, 0.239011, 0.260999, 0.303375, 0.206243, 0.330567, 0.181183, 0.186664, 0.270201, 0.261898, 0.211299, 0.271062, 0.179294, 0.230492, 0.259221, 0.21422, 0.193713, 0.195756, 0.260009, 0.260725, 0.217027, 0.255404, 0.225662, 0.257467, 0.361892, 0.226262, 0.350102, 0.294798, 0.25689, 0.342896, 0.253446, 0.178195, 0.253485, 0.238507, 0.212154, 0.239833, 0.273976, 0.234162, 0.253655, 0.25449, 0.306166, 0.19823, 0.261918, 0.29566, 0.244898, 0, 0.199242, 0.255607, 0.244877, 0.2361, 0.246645, 0.236699, 0, 0.18956, 0.23605, 0.228094, 0.186835, 0.25302, 0.239904, 0.276296, 0.277236, 0.229219, 0.249038, 0.293782, 0.231494, 0.210656, 0, 0.270259, 0.209165, 0.258844, 0.279699, 0.223243, 0, 0.260958, 0, 0.220656, 0.267378, 0.239155, 0.181714, 0.234727, 0.25432, 0.212871, 0.33368, 0.244579, 0.219538, 0, 0.28394
0.676768, 0, 0.173287, 0.276825, 0.167219, 0.248491, 0.229256, 0.22206, 0.332244, 0.216829, 0.260052, 0.207735, 0.239269, 0.228157, 0.308757, 0.205204, 0.278343, 0.286584, 0.26118, 0.234862, 0.336694, 0.269069, 0.256429, 0.326089, 0.268464, 0.251123, 0.263086, 0.197667, 0.229209, 0.24895, 0.244054, 0.253348, 0.220963, 0.285067, 0.264617, 0.286762, 0, 0.263371, 0.217113, 0.205233, 0.333412, 0.29436, 0.252801, 0.244351, 0.26747, 0.249066, 0.302462, 0.239901, 0.344923, 0.276191, 0.253341, 0.281837, 0.243043, 0.209157, 0.240557, 0.262295, 0.248808, 0.243127, 0, 0.218577, 0.1775, 0.206569, 0.262674, 0.222401, 0, 0.216694, 0.262032, 0.258812, 0.196614, 0.263508, 0.258623, 0.211437, 0.241968, 0.278851, 0.226377, 0.253469, 0.244689, 0.282359, 0.181108, 0.236208, 0.260477, 0.274553, 0.264708, 0, 0.236139, 0.254668, 0, 0.256795, 0.277246, 0.213257, 0.273355, 0.264297, 0, 0.209322, 0.286266, 0.243557, 0.182432, 0.23922, 0.254074, 0.25734, 0.235246
0.681818, 0, 0.173287, 0.269665, 0.180648, 0.232824, 0.227939, 0.212523, 0.203446, 0.29188, 0, 0.253891, 0.284619, 0.256928, 0.226726, 0.272286, 0.315733, 0.233676, 0.32181, 0.256124, 0.223756, 0.287349, 0.255078, 0.314543, 0.266452, 0.233646, 0.224575, 0.185068, 0.328582, 0.292824, 0.21559, 0.315064, 0.249718, 0.309129, 0.296366, 0.175068, 0.240856, 0.266411, 0.235434, 0.269085, 0.220313, 0.275861, 0.309927, 0.282022, 0.203112, 0.312762, 0.276295, 0.306106, 0.283153, 0.288472, 0.260967, 0.267623, 0.241867, 0.300775, 0.280574, 0.265666, 0.233778, 0.320445, 0.231125, 0.283046, 0.227027, 0.243531, 0.277458, 0.312809, 0.24237, 0.249139, 0, 0.266619, 0.250321, 0.262301, 0.292544, 0.334734, 0.218647, 0.28936, 0.261746, 0.278873, 0.155184, 0.233231, 0.254041, 0.248908, 0.272708, 0.250136, 0.270948, 0.274225, 0.295274, 0.272969, 0, 0.278377, 0.270791, 0.256644, 0, 0.28534, 0.292017, 0.23287, 0.205051, 0, 0.211301, 0.269509, 0.233787, 0.25032, 0.263529
0.686869, 0, 0.198042, 0.276101, 0.338321, 0.184839, 0.227464, 0.349841, 0.334194, 0.200431, 0.229651, 0.204042, 0.310003, 0.299249, 0.295285, 0.37845, 0.273092, 0.262701, 0.22161, 0.239064, 0.289449, 0.200889, 0.131381, 0.382252, 0.298372, 0.267465, 0.238419, 0.332532, 0.369992, 0.252664, 0.266259, 0.367158, 0.313728, 0.262392, 0.284812, 0.252911, 0.19402, 0.277082, 0.310512, 0.243587, 0.25847, 0.392624, 0.270796, 0.303568, 0.240094, 0.244699, 0.269937, 0.270698, 0.251146, 0.296477, 0.14432, 0.265108, 0.301853, 0.250465, 0.24265, 0.313278, 0.290544, 0, 0.24642, 0.284009, 0.249633, 0.164414, 0.249597, 0.286249, 0.194296, 0.302142, 0.286295, 0.267531, 0.245219, 0.178802, 0.309898, 0.187696, 0.275574, 0.289908, 0.244289, 0.255726, 0.289082, 0.278449, 0.211315, 0.225782, 0.261407, 0.298512, 0.227722, 0, 0.291345, 0.173711, 0.2678, 0.310868, 0.290304, 0.217161, 0.26779, 0.257058, 0.251786, 0.292094, 0.233308, 0.294717, 0.246291, 0.232693, 0.276678, 0, 0.272839
0.691919, 0, 0.288811, 0.118329, 0.254621, 0.294194, 0.22262, 0.255024, 0.278715, 0.229615, 0.264665, 0.270711, 0.181842, 0.30931, 0.213981, 0.272973, 0.278629, 0.317739, 0.241237, 0.15634, 0.344525, 0.292711, 0.275262, 0.349527, 0.249639, 0.191841, 0.205304, 0.263631, 0.276166, 0.303565, 0.315356, 0.265457, 0.291951, 0.323597, 0.276296, 0.281769, 0.159195, 0.28137, 0.270579, 0.237275, 0.22449, 0.264756, 0.311675, 0.378611, 0.249647, 0.254076, 0.317144, 0.230679, 0.323151, 0.341107, 0.290065, 0.262146, 0.294144, 0.222506, 0.243578, 0.258569, 0.274214, 0.245826, 0.277319, 0.309763, 0.276354, 0.339096, 0.279487, 0.263958, 0.282925, 0.308156, 0.264197, 0.233699, 0.27704, 0.305319, 0.264908, 0.247626, 0.299524, 0.239319, 0.234985, 0.22642, 0.200742, 0.275797, 0.265424, 0.279463, 0.271866, 0.2381, 0.256737, 0.269624, 0.193902, 0.275856, 0.251291, 0.275813, 0.244316, 0.288336, 0.24523, 0.246994, 0.270033, 0.288887, 0.262003, 0.284947, 0.270265, 0.261987, 0.264546, 0.25068, 0.26361
0.69697, 0, 0.198042, 0.115525, 0.281099, 0.143341, 0.352886, 0.347129, 0.344105, 0.25287, 0.269899, 0.277559, 0.278745, 0.276495, 0.244396, 0.34333, 0.331415, 0.299328, 0.289445, 0.222045, 0.295675, 0.316411, 0.233921, 0.308312, 0.277126, 0.275984, 0.306472, 0.294276, 0.256863, 0.274456, 0.331454, 0.278264, 0.272885, 0.266156, 0.269702, 0.267373, 0.272584, 0.320947, 0.276142, 0.276579, 0.208499, 0.281814, 0.312291, 0.298424, 0.284032, 0.329622, 0.239434, 0.259884, 0.254391, 0.240466, 0.312645, 0.237401, 0.302418, 0.279678, 0.258895, 0.304555, 0.275827, 0.313026, 0.281089, 0.253441, 0.282036, 0.26973, 0.260827, 0.227889, 0.313646, 0.298326, 0.27417, 0.265345, 0.311871, 0.281287, 0.281027, 0.306415, 0, 0.265882, 0.276436, 0.274473, 0.284498, 0, 0.237093, 0.275534, 0.277566, 0.277851, 0.285746, 0.312088, 0.299772, 0.264334, 0.241529, 0.289129, 0.293304, 0.297533, 0.244865, 0.283461, 0.261075, 0.235229, 0.255729, 0.271265, 0.232795, 0.304196, 0.291387, 0.283745, 0.269799
0.70202, 0, 0.0866434, 0.16566, 0.219062, 0.200752, 0.267669, 0.360004, 0.20118, 0.28304, 0.352216, 0.323124, 0.369955, 0.247304, 0.398463, 0.337194, 0.269423, 0.237166, 0.290057, 0.259881, 0.281462, 0.26736, 0.269477, 0.304338, 0.201381, 0.24013, 0.279281, 0.300854, 0.289132, 0.276073, 0.292578, 0.189984, 0.321981, 0.319242, 0.27453, 0.329584, 0.282998, 0.292439, 0.236286, 0.271176, 0.222543, 0.328111, 0.280482, 0.301297, 0.291178, 0.327697, 0.324765, 0.31973, 0.330264, 0.267996, 0.29098, 0.3205, 0.273703, 0.285062, 0.357643, 0.282591, 0.300061, 0.279598, 0.300655, 0.273992, 0.285189, 0.374938, 0.273533, 0.309754, 0.30184, 0.287987, 0.294556, 0.241455, 0.259997, 0.278441, 0.257478, 0.334997, 0.240125, 0.315033, 0.241056, 0.275093, 0.263878, 0.268215, 0.290793, 0.315026, 0.249839, 0.266698, 0.305048, 0.29885, 0.295538, 0.262475, 0.274251, 0.294979, 0.330118, 0.283979, 0.24661, 0.270726, 0.284662, 0.280209, 0.301606, 0.290689, 0.305614, 0.294855, 0.260731, 0.315639, 0.280195
0.707071, 0, 0.173287, 0.199084, 0.262875, 0.204418, 0.361681, 0.319268, 0.155307, 0.217174, 0.300745, 0.375371, 0.289556, 0.278741, 0.206561, 0.309584, 0.352521, 0.306981, 0.263908, 0.275528, 0.230426, 0.269381, 0.315844, 0.335289, 0.234633, 0.286328, 0.294649, 0.278339, 0.250262, 0.313341, 0.279674, 0.273109, 0.243585, 0.306729, 0.296053, 0.31842, 0.272578, 0.244957, 0.315385, 0.25223, 0.303912, 0.270758, 0.297466, 0.261706, 0.363127, 0.267469, 0.311515, 0.288148, 0.298122, 0.296175, 0.230385, 0.307921, 0.337333, 0.269724, 0.320874, 0.320849, 0.249574, 0.323852, 0.286503, 0.351252, 0.327972, 0.267254, 0.276547, 0.294442, 0.272662, 0.29073, 0.248744, 0.294577, 0.231395, 0.293439, 0.312891, 0.284322, 0.399177, 0.299087, 0.270838, 0.27505, 0.298478, 0.28941, 0.238056, 0.259522, 0.29633, 0.289494, 0.338667, 0.242512, 0.252113, 0.251891, 0.279111, 0.28197, 0.283654, 0.339278, 0.330654, 0.29377, 0.292822, 0.309425, 0.307757, 0.284479, 0.284042, 0.248658, 0.28409, 0.308693, 0.318121
0.712121, 0, 0.099021, 0.122068, 0.17006, 0.12904, 0.314057, 0.368187, 0.335044, 0.39834, 0.355632, 0.267304, 0.229222, 0.300892, 0.368426, 0.275175, 0.3002, 0.273625, 0.247358, 0.287689, 0.355448, 0.303373, 0.289155, 0.263851, 0.312627, 0.327384, 0.328647, 0.246794, 0.277833, 0.268334, 0.313835, 0.326144, 0.314369, 0.346441, 0.310999, 0.289565, 0.290561, 0.259659, 0.263615, 0.294278, 0.277753, 0.342218, 0.334245, 0.309505, 0.25959, 0.265088, 0.255134, 0.312546, 0.306193, 0.301801, 0.237757, 0.285053, 0.300892, 0.307379, 0.303798, 0.28485, 0.316364, 0.298622, 0.251426, 0.285706, 0.390901, 0.306465, 0.244257, 0.204373, 0.343584, 0.264083, 0.326035, 0.355077, 0.270793, 0.305397, 0.300738, 0.313685, 0.320352, 0.299627, 0.289194, 0.304034, 0.29282, 0.258141, 0.335664, 0.289066, 0.31267, 0.27716, 0.268738, 0.318062, 0.351361, 0.255754, 0.274292, 0.269068, 0.264956, 0.305372, 0.281678, 0.295322, 0.282562, 0.29664, 0.29302, 0.308809, 0.296649, 0.331614, 0.269275, 0.297144, 0.340392
0.717172, 0, 0.148532, 0.253575, 0.270003, 0.221541, 0.244565, 0.229431, 0.410596, 0.290568, 0.302905, 0.341874, 0.316798, 0.316006, 0.280661, 0.298647, 0.234236, 0.217197, 0.347829, 0.333712, 0.299127, 0.300803, 0.319036, 0.340671, 0.344291, 0.297017, 0.317128, 0.307322, 0.319676, 0.230317, 0.346533, 0.322602, 0.302197, 0.317765, 0.259757, 0.357531, 0.302853, 0.331215, 0.330856, 0.308996, 0.329239, 0.30749, 0.288546, 0.289668, 0.278749, 0.285482, 0.305828, 0.287062, 0.287207, 0.292847, 0.230963, 0.302628, 0.268024, 0.29633, 0.352404, 0.313647, 0.318973, 0.317024, 0.333066, 0.26237, 0.289917, 0.284169, 0.318968, 0.229629, 0.295366, 0.321107, 0.306954, 0.294752, 0.334715, 0.306555, 0.287392, 0.305999, 0.295341, 0.320906, 0.32245, 0.313305, 0.311776, 0.28439, 0.310489, 0.269966, 0.302773, 0.321484, 0.314231, 0.279271, 0.322549, 0.26617, 0.339873, 0.298011, 0.290289, 0.295076, 0.327984, 0.289588, 0.298612, 0.303304, 0.312333, 0.336679, 0.294347, 0.313628, 0.28999, 0.322054, 0.312805
0.722222, 0, 0.192541, 0.253575, 0.332189, 0.395333, 0.227624, 0.320152, 0.285794, 0.307899, 0.260628, 0.335227, 0.302096, 0.346024, 0.292351, 0.293127, 0.296209, 0.312648, 0.374954, 0.355454, 0.280394, 0.26864, 0.304122, 0.302208, 0.269717, 0.335158, 0.299848, 0.319587, 0.358122, 0.330584, 0.290058, 0.316029, 0.296625, 0.312003, 0.286988, 0.313489, 0.341481, 0.320372, 0.300406, 0.344086, 0.304127, 0.348631, 0.280478, 0.298186, 0.289226, 0.288376, 0.336091, 0.285475, 0.311203, 0.315668, 0.323912, 0.298844, 0.271576, 0.296824, 0.318923, 0.293583, 0.341239, 0.301029, 0.306999, 0.336058, 0.293741, 0.275081, 0.307586, 0.335056, 0.3179, 0.320431, 0.309792, 0.302298, 0.323226, 0.291545, 0.314401, 0.298385, 0.301163, 0.344338, 0.308281, 0.314187, 0.343201, 0.333474, 0.288656, 0.311697, 0.310277, 0.287888, 0.323415, 0.307604, 0.330479, 0.304748, 0.279711, 0.32895, 0.300318, 0.276093, 0.303141, 0.311285, 0.32567, 0.317875, 0.314569, 0.323426, 0.327193, 0.317022, 0.312749, 0.326145, 0.326807
0.727273, 0, 0.148532, 0.330591, 0.216608, 0.276666, 0.332682, 0.213259, 0.280536, 0.276203, 0.297443, 0.340214, 0.309808, 0.296109, 0.277445, 0.37754, 0.273243, 0.317501, 0.391184, 0.315178, 0.324338, 0.328865, 0.181035, 0.298188, 0.328321, 0.290033, 0.337693, 0.313877, 0.361602, 0.343403, 0.318302, 0.331711, 0.293672, 0.354772, 0.396895, 0.301207, 0.343745, 0.31505, 0.292093, 0.274278, 0.326456, 0.317754, 0.353498, 0.329713, 0.339113, 0.355173, 0.327195, 0.309585, 0.345795, 0.288799, 0.357556, 0.310992, 0.332635, 0.357449, 0.312409, 0.289416, 0.347698, 0.310421, 0.349578, 0.354262, 0.331309, 0.309486, 0.346854, 0.336605, 0.361058, 0.314045, 0.32722, 0.316879, 0.30232, 0.320156, 0.327902, 0.325586, 0.329655, 0.345868, 0.36065, 0.341433, 0.330014, 0.331687, 0.335936, 0.350356, 0.362107, 0.299963, 0.306467, 0.3093, 0.318646, 0.327127, 0.355245, 0.317815, 0.294254, 0.304931, 0.305194, 0.348195, 0.312736, 0.317074, 0.326447, 0.29662, 0.318941, 0.328906, 0.338483, 0.307412, 0.333661
0.732323, 0, 0.247553, 0.30429, 0.204717, 0.343347, 0.286921, 0.328884, 0.28083, 0.201426, 0.268589, 0.363165, 0.338458, 0.294905, 0.319206, 0.337162, 0.254101, 0.315177, 0.338413, 0.333089, 0.329359, 0.370134, 0.361918, 0.293012, 0.324385, 0.306374, 0.320958, 0.356293, 0.306723, 0.362208, 0.379847, 0.37962, 0.335474, 0.31983, 0.343302, 0.325515, 0.302026, 0.340881, 0.296034, 0.294638, 0.318732, 0.311688, 0.275824, 0.326088, 0.301588, 0.345092, 0.357006, 0.314581, 0.286593, 0.31303, 0.316865, 0.337364, 0.302753, 0.323786, 0.328936, 0.305493, 0.274799, 0.34823, 0.299843, 0.32864, 0.316699, 0.343382, 0.336102, 0.34756, 0.31839, 0.378116, 0.301057, 0.347909, 0.364379, 0.323132, 0.341315, 0.30889, 0.32758, 0.368233, 0.356552, 0.362875, 0.349463, 0.346837, 0.325234, 0.324238, 0.355549, 0.347329, 0.322233, 0.335397, 0.309634, 0.338772, 0.369822, 0.315903, 0.336662, 0.335237, 0.334293, 0.318715, 0.33083, 0.346916, 0.361319, 0.329629, 0.322538, 0.349308, 0.344187, 0.323283, 0.304393
0.737374, 0, 0.297063, 0.283364, 0.235957, 0.271918, 0.240864, 0.281206, 0.298153, 0.329637, 0.299816, 0.383604, 0.305993, 0.323637, 0.363414, 0.272054, 0.263609, 0.289098, 0.292035, 0.357575, 0.301459, 0.348314, 0.286841, 0.310318, 0.30865, 0.30467, 0.327797, 0.337158, 0.31671, 0.287455, 0.303807, 0.270329, 0.349825, 0.350819, 0.295457, 0.345143, 0.332322, 0.305131, 0.317213, 0.347272, 0.350418, 0.375676, 0.328307, 0.334714, 0.347091, 0.343691, 0.359013, 0.331555, 0.329832, 0.339824, 0.340983, 0.356962, 0.333557, 0.295754, 0.359594, 0.376273, 0.34017, 0.325024, 0.349721, 0.371066, 0.33467, 0.33799, 0.343998, 0.34566, 0.333008, 0.339424, 0.360272, 0.359283, 0.33365, 0.356283, 0.356238, 0.374915, 0.333969, 0.347621, 0.324156, 0.321933, 0.333942, 0.323061, 0.346099, 0.359719, 0.353876, 0.367094, 0.340809, 0.35049, 0.350786, 0.346228, 0.3281, 0.369104, 0.350816, 0.323679, 0.33737, 0.332636, 0.350906, 0.332091, 0.342765, 0.356789, 0.365606, 0.329957, 0.339482, 0.332933, 0.340581
0.742424, 0, 0.198042, 0.3505, 0.311889, 0.303765, 0.340427, 0.311655, 0.250024, 0.388065, 0.359743, 0.352451, 0.359998, 0.369283, 0.36023, 0.396713, 0.355142, 0.277479, 0.374335, 0.343727, 0.281651, 0.324466, 0.312107, 0.315258, 0.369221, 0.314229, 0.315422, 0.350933, 0.350419, 0.292481, 0.335433, 0.364469, 0.315322, 0.335414, 0.33445, 0.3607, 0.364837, 0.376638, 0.290004, 0.372072, 0.352898, 0.319325, 0.366169, 0.357319, 0.325861, 0.355684, 0.33765, 0.328117, 0.32133, 0.336487, 0.359666, 0.350676, 0.326798, 0.34006, 0.36484, 0.362518, 0.329473, 0.339103, 0.347493, 0.333126, 0.364343, 0.326735, 0.349865, 0.352842, 0.358462, 0.356484, 0.337072, 0.35329, 0.346964, 0.354198, 0.362128, 0.343384, 0.346602, 0.34674, 0.335964, 0.332751, 0.331866, 0.364269, 0.362547, 0.34673, 0.354138, 0.364196, 0.351235, 0.348594, 0.349999, 0.349943, 0.344809, 0.37547, 0.333304, 0.317045, 0.329955, 0.345845, 0.335045, 0.366575, 0.336131, 0.368782, 0.334262, 0.362132, 0.335881, 0.360118, 0.373707
0.747475, 0, 0.308065, 0.118329, 0.33667, 0.307076, 0.30901, 0.276816, 0.315559, 0.390649, 0.341316, 0.348785, 0.347633, 0.351364, 0.365478, 0.398021, 0.368018, 0.36474, 0.374837, 0.319909, 0.338281, 0.342202, 0.400023, 0.356304, 0.332826, 0.346782, 0.308681, 0.318501, 0.346157, 0.373745, 0.345441, 0.323314, 0.362968, 0.360651, 0.353592, 0.374601, 0.347057, 0.336431, 0.376541, 0.338153, 0.365291, 0.350262, 0.364188, 0.336, 0.329787, 0.334578, 0.331332, 0.342286, 0.34921, 0.350619, 0.364665, 0.310953, 0.366955, 0.355633, 0.297712, 0.344047, 0.349091, 0.310382, 0.309403, 0.34841, 0.356584, 0.357293, 0.348174, 0.362975, 0.336519, 0.373737, 0.32965, 0.393742, 0.353376, 0.354316, 0.377852, 0.375616, 0.358693, 0.335001, 0.384965, 0.322017, 0.384944, 0.357245, 0.332407, 0.333344, 0.361045, 0.359398, 0.362995, 0.327792, 0.351853, 0.374531, 0.350897, 0.350333, 0.365605, 0.354514, 0.35257, 0.366991, 0.330177, 0.345022, 0.371129, 0.365049, 0.357494, 0.356007, 0.358637, 0.366372, 0.364919
0.752525, 0, 0.269557, 0.288973, 0.345786, 0.355798, 0.2993, 0.317584, 0.336446, 0.255263, 0.35349, 0.37141, 0.415386, 0.355037, 0.336954, 0.339793, 0.333307, 0.324085, 0.291792, 0.392935, 0.413566, 0.347241, 0.339996, 0.420292, 0.34276, 0.325768, 0.33463, 0.382619, 0.367578, 0.340438, 0.361669, 0.345034, 0.347468, 0.394005, 0.350592, 0.376163, 0.304911, 0.371578, 0.35937, 0.360487, 0.366516, 0.363176, 0.346496, 0.379185, 0.350883, 0.386866, 0.346638, 0.373642, 0.351788, 0.377924, 0.354856, 0.354343, 0.345509, 0.322335, 0.35695, 0.37356, 0.344696, 0.357212, 0.345526, 0.374461, 0.372473, 0.349579, 0.388588, 0.361012, 0.347961, 0.366972, 0.353051, 0.362735, 0.384401, 0.349415, 0.378189, 0.368385, 0.344827, 0.37514, 0.347788, 0.374191, 0.327188, 0.379889, 0.369857, 0.380744, 0.389683, 0.350808, 0.372663, 0.361576, 0.362821, 0.360218, 0.367164, 0.370513, 0.363264, 0.367534, 0.338748, 0.369895, 0.378138, 0.387568, 0.381557, 0.349993, 0.369696, 0.36858, 0.372945, 0.381284, 0.349179
0.757576, 0, 0.173287, 0.224757, 0.242784, 0.298212, 0.329616, 0.296191, 0.348451, 0.256138, 0.351848, 0.376965, 0.347463, 0.373226, 0.369551, 0.352329, 0.363599, 0.337966, 0.372271, 0.388715, 0.370689, 0.395878, 0.376334, 0.373647, 0.308515, 0.422074, 0.382392, 0.347931, 0.376942, 0.308711, 0.350616, 0.359844, 0.384583, 0.354824, 0.365914, 0.363774, 0.333894, 0.372712, 0.367293, 0.367114, 0.36012, 0.379324, 0.373373, 0.378461, 0.396992, 0.376576, 0.368844, 0.398588, 0.34086, 0.361136, 0.371411, 0.389336, 0.366979, 0.368916, 0.40005, 0.35914, 0.368381, 0.361975, 0.357572, 0.375532, 0.370483, 0.379346, 0.364087, 0.397898, 0.393361, 0.35344, 0.389964, 0.359698, 0.345317, 0.350986, 0.358743, 0.378547, 0.383518, 0.35454, 0.361335, 0.368152, 0.381554, 0.393127, 0.382084, 0.36332, 0.379352, 0.395098, 0.365182, 0.385101, 0.390727, 0.376229, 0.365298, 0.371008, 0.397192, 0.356004, 0.384271, 0.386904, 0.356181, 0.373473, 0.36567, 0.379507, 0.381536, 0.396773, 0.362027, 0.409254, 0.38882
0.762626, 0, 0.216608, 0.380362, 0.284484, 0.297779, 0.285873, 0.383706, 0.390137, 0.367609, 0.357876, 0.310962, 0.379183, 0.325853, 0.340437, 0.362374, 0.314678, 0.342171, 0.358272, 0.391975, 0.369751, 0.401931, 0.405001, 0.341955, 0.375986, 0.312414, 0.326823, 0.399931, 0.33152, 0.403959, 0.380206, 0.361881, 0.296949, 0.365114, 0.330734, 0.370351, 0.376545, 0.385161, 0.345782, 0.373627, 0.351201, 0.387098, 0.355823, 0.370992, 0.376904, 0.383476, 0.358528, 0.359562, 0.349507, 0.406546, 0.36588, 0.391999, 0.379616, 0.386074, 0.367283, 0.377715, 0.383261, 0.394875, 0.38858, 0.390487, 0.383722, 0.347168, 0.385348, 0.379666, 0.38788, 0.389275, 0.378958, 0.376135, 0.378544, 0.38615, 0.379847, 0.398814, 0.361339, 0.38028, 0.363899, 0.407038, 0.364722, 0.36797, 0.360101, 0.376949, 0.349747, 0.378971, 0.398392, 0.378319, 0.383396, 0.389494, 0.398611, 0.386525, 0.385788, 0.388675, 0.382841, 0.404154, 0.38281, 0.386048, 0.368713, 0.405716, 0.341325, 0.414999, 0.386157, 0.374323, 0.399722
0.767677, 0, 0.207944, 0.219062, 0.348053, 0.361895, 0.377066, 0.32749, 0.390623, 0.402468, 0.305936, 0.397305, 0.32116, 0.340118, 0.357747, 0.341694, 0.432014, 0.398356, 0.388515, 0.366629, 0.375809, 0.370771, 0.396975, 0.341857, 0.375589, 0.326562, 0.420567, 0.376366, 0.350567, 0.390269, 0.402494, 0.391703, 0.387052, 0.410678, 0.360384, 0.377763, 0.386471, 0.367741, 0.392779, 0.351938, 0.396702, 0.373992, 0.345941, 0.404319, 0.372683, 0.410106, 0.392247, 0.365583, 0.369574, 0.370507, 0.382131, 0.395749, 0.387671, 0.37085, 0.380471, 0.386482, 0.354702, 0.378888, 0.377779, 0.388309, 0.375703, 0.386352, 0.367413, 0.387124, 0.37771, 0.36937, 0.412807, 0.393507, 0.394192, 0.380265, 0.390507, 0.380872, 0.404664, 0.40217, 0.39505, 0.40548, 0.395576, 0.410184, 0.38975, 0.388901, 0.369399, 0.387396, 0.39577, 0.391754, 0.401684, 0.391358, 0.398435, 0.402032, 0.400622, 0.37268, 0.404944, 0.408803, 0.379374, 0.387718, 0.388733, 0.386453, 0.397158, 0.394038, 0.397128, 0.397452, 0.392816
0.772727, 0, 0.192541, 0.271738, 0.247553, 0.420133, 0.359724, 0.418341, 0.363541, 0.330867, 0.277287, 0.325449, 0.366681, 0.40562, 0.27747, 0.333642, 0.407724, 0.37812, 0.337761, 0.384106, 0.433349, 0.38039, 0.372998, 0.412001, 0.380641, 0.364423, 0.340883, 0.38268, 0.398142, 0.417963, 0.391389, 0.39749, 0.352948, 0.399334, 0.424469, 0.383011, 0.392498, 0.393682, 0.380263, 0.398863, 0.423713, 0.391698, 0.392559, 0.374595, 0.361557, 0.387568, 0.381417, 0.380108, 0.388669, 0.410978, 0.372602, 0.408158, 0.427388, 0.37607, 0.374497, 0.420425, 0.381124, 0.414256, 0.379112, 0.400429, 0.399053, 0.349079, 0.402188, 0.397756, 0.408469, 0.375099, 0.398931, 0.393722, 0.378862, 0.416728, 0.376677, 0.409283, 0.399754, 0.401773, 0.403674, 0.374357, 0.392487, 0.374221, 0.395801, 0.371844, 0.418637, 0.382428, 0.386621, 0.392524, 0.396973, 0.40672, 0.375926, 0.366688, 0.389029, 0.406458, 0.377144, 0.409738, 0.427323, 0.390981, 0.421863, 0.389801, 0.408158, 0.40868, 0.383798, 0.381445, 0.395688
0.777778, 0, 0.216608, 0.231049, 0.341909, 0.404234, 0.291974, 0.39402, 0.332747, 0.338432, 0.401164, 0.338131, 0.406262, 0.345057, 0.380013, 0.41615, 0.404348, 0.400505, 0.377318, 0.394235, 0.388972, 0.417695, 0.386623, 0.387239, 0.398749, 0.377695, 0.385412, 0.397343, 0.431832, 0.413072, 0.384957, 0.382035, 0.38875, 0.396328, 0.396406, 0.386052, 0.404556, 0.416539, 0.378804, 0.414544, 0.411518, 0.400526, 0.385462, 0.37143, 0.41062, 0.374973, 0.399978, 0.38859, 0.392512, 0.391745, 0.423297, 0.402702, 0.401044, 0.380711, 0.409162, 0.403574, 0.389831, 0.399123, 0.370605, 0.408846, 0.403414, 0.393726, 0.401722, 0.406264, 0.3847, 0.393009, 0.375777, 0.406376, 0.394388, 0.421365, 0.421215, 0.403997, 0.42361, 0.387134, 0.401823, 0.411022, 0.405825, 0.388484, 0.428705, 0.388909, 0.402021, 0.413393, 0.402896, 0.420142, 0.405212, 0.403057, 0.422104, 0.389742, 0.402106, 0.432654, 0.410947, 0.403905, 0.410746, 0.409653, 0.417928, 0.412095, 0.412523, 0.399625, 0.413326, 0.422348, 0.416898
0.782828, 0, 0.173287, 0.331321, 0.301879, 0.315422, 0.364042, 0.360534, 0.367952, 0.362692, 0.333393, 0.366611, 0.339635, 0.359444, 0.432872, 0.353222, 0.390018, 0.382395, 0.360136, 0.363749, 0.401305, 0.424231, 0.357908, 0.438127, 0.37889, 0.373957, 0.381711, 0.415727, 0.421127, 0.386883, 0.405181, 0.419828, 0.445095, 0.421286, 0.390086, 0.382871, 0.374813, 0.414313, 0.380009, 0.417713, 0.399713, 0.40457, 0.440433, 0.400001, 0.420048, 0.408058, 0.395279, 0.437771, 0.395883, 0.396791, 0.425279, 0.383742, 0.438796, 0.41004, 0.406579, 0.415662, 0.41102, 0.393275, 0.39455, 0.400246, 0.427331, 0.409422, 0.388194, 0.427501, 0.447464, 0.388706, 0.387637, 0.389638, 0.417382, 0.41855, 0.415159, 0.426773, 0.418505, 0.41563, 0.409126, 0.409377, 0.410144, 0.421649, 0.423416, 0.41209, 0.419295, 0.404328, 0.412998, 0.425803, 0.418422, 0.435132, 0.396996, 0.41128, 0.426366, 0.424765, 0.3905, 0.4285, 0.409438, 0.410479, 0.41589, 0.394345, 0.413906, 0.426705, 0.411074, 0.402414, 0.412743
0.787879, 0, 0.346574, 0.333738, 0.373505, 0.339971, 0.38558, 0.36552, 0.392571, 0.419323, 0.380341, 0.336499, 0.382574, 0.298821, 0.381145, 0.366293, 0.417604, 0.430777, 0.41505, 0.383488, 0.389578, 0.315716, 0.375854, 0.378613, 0.439062, 0.3879, 0.389435, 0.370995, 0.377496, 0.458684, 0.392577, 0.384143, 0.399117, 0.387073, 0.409401, 0.380471, 0.4339, 0.398866, 0.403133, 0.4109, 0.395384, 0.410245, 0.390381, 0.413442, 0.406705, 0.384342, 0.413967, 0.429671, 0.394648, 0.415212, 0.436684, 0.435527, 0.394594, 0.424116, 0.425782, 0.433601, 0.427426, 0.398133, 0.42484, 0.425877, 0.415102, 0.428325, 0.425134, 0.419756, 0.409112, 0.424792, 0.436683, 0.412574, 0.42396, 0.421019, 0.412518, 0.412399, 0.422344, 0.384466, 0.409347, 0.376433, 0.42521, 0.414835, 0.428366, 0.414471, 0.427612, 0.417001, 0.417218, 0.430935, 0.423959, 0.423635, 0.402628, 0.419946, 0.412042, 0.413369, 0.416671, 0.429564, 0.434428, 0.436625, 0.4238, 0.421745, 0.413805, 0.443267, 0.410289, 0.416241, 0.421184
0.792929, 0, 0.173287, 0.261084, 0.270805, 0.289649, 0.381717, 0.36761, 0.360744, 0.403573, 0.377164, 0.421954, 0.4404, 0.344666, 0.378486, 0.321486, 0.43401, 0.358362, 0.376941, 0.418744, 0.408267, 0.361691, 0.426657, 0.397544, 0.415765, 0.355648, 0.414946, 0.37983, 0.409129, 0.39615, 0.397756, 0.40081, 0.410071, 0.40627, 0.442478, 0.420642, 0.433385, 0.412991, 0.399854, 0.396305, 0.405066, 0.449027, 0.429609, 0.426467, 0.415106, 0.414096, 0.446866, 0.454772, 0.406934, 0.429586, 0.444124, 0.416975, 0.434486, 0.401595, 0.412706, 0.439854, 0.4251, 0.428772, 0.404967, 0.434555, 0.436598, 0.405031, 0.426815, 0.411887, 0.450694, 0.411572, 0.415468, 0.440726, 0.428211, 0.417461, 0.433429, 0.442072, 0.414319, 0.412692, 0.420696, 0.433658, 0.424141, 0.43665, 0.416574, 0.430234, 0.42797, 0.427988, 0.41394, 0.437428, 0.432765, 0.411156, 0.419547, 0.422583, 0.422267, 0.46284, 0.406414, 0.435907, 0.429283, 0.416657, 0.436727, 0.460441, 0.42759, 0.429858, 0.422807, 0.423107, 0.436308
0.79798, 0, 0.154033, 0.327445, 0.291301, 0.291511, 0.271036, 0.441334, 0.399641, 0.304804, 0.288851, 0.382738, 0.39182, 0.411758, 0.368437, 0.426663, 0.420495, 0.457083, 0.431861, 0.421932, 0.409705, 0.39215, 0.432152, 0.393609, 0.426218, 0.38984, 0.440019, 0.418265, 0.39714, 0.41717, 0.399564, 0.420482, 0.391155, 0.427112, 0.429564, 0.413677, 0.444749, 0.477353, 0.450331, 0.442066, 0.413194, 0.403697, 0.438598, 0.387942, 0.407373, 0.421303, 0.424355, 0.401666, 0.405451, 0.43445, 0.445435, 0.41233, 0.433814, 0.4077, 0.419191, 0.430902, 0.432505, 0.424851, 0.41847, 0.453341, 0.432455, 0.420193, 0.448302, 0.432725, 0.42079, 0.435507, 0.436418, 0.445552, 0.428232, 0.440099, 0.449074, 0.426226, 0.43307, 0.447592, 0.456452, 0.44252, 0.418044, 0.429876, 0.419189, 0.455157, 0.431958, 0.423172, 0.429483, 0.443941, 0.442523, 0.435144, 0.425054, 0.436916, 0.438142, 0.423237, 0.438552, 0.431358, 0.436163, 0.423875, 0.446907, 0.432066, 0.445512, 0.442382, 0.447524, 0.4328, 0.446858
0.80303, 0, 0.129965, 0.446116, 0.363468, 0.394123, 0.277934, 0.26723, 0.455302, 0.367343, 0.359286, 0.350232, 0.41459, 0.393641, 0.383693, 0.382133, 0.413297, 0.389698, 0.409043, 0.404702, 0.392892, 0.439849, 0.414491, 0.444811, 0.439335, 0.432997, 0.43478, 0.453093, 0.442725, 0.446275, 0.444483, 0.446133, 0.420801, 0.43712, 0.445706, 0.436139, 0.423264, 0.44088, 0.4531, 0.43087, 0.433487, 0.433743, 0.440016, 0.454393, 0.437187, 0.445004, 0.437384, 0.421452, 0.394592, 0.435347, 0.424474, 0.443938, 0.412714, 0.427009, 0.425408, 0.446851, 0.420554, 0.42528, 0.454915, 0.438207, 0.438681, 0.43695, 0.436552, 0.445179, 0.437985, 0.444271, 0.440271, 0.460776, 0.428978, 0.436808, 0.44496, 0.424848, 0.43816, 0.443083, 0.437668, 0.44419, 0.438111, 0.438133, 0.433587, 0.448314, 0.441509, 0.446412, 0.447606, 0.445861, 0.450518, 0.444239, 0.440259, 0.442908, 0.464083, 0.433293, 0.447712, 0.42119, 0.442985, 0.433845, 0.447295, 0.434493, 0.446383, 0.425092, 0.445588, 0.459895, 0.437268
0.808081, 0, 0.303252, 0.292083, 0.449239, 0.455842, 0.457535, 0.398412, 0.380238, 0.396495, 0.421138, 0.398415, 0.383135, 0.381481, 0.441037, 0.409629, 0.422183, 0.397007, 0.44883, 0.414803, 0.471026, 0.434156, 0.416029, 0.444574, 0.443144, 0.43367, 0.462261, 0.432519, 0.416002, 0.434053, 0.43141, 0.41346, 0.435814, 0.443574, 0.462851, 0.434278, 0.440487, 0.426304, 0.442348, 0.439197, 0.434631, 0.447452, 0.422057, 0.422595, 0.44309, 0.427447, 0.43537, 0.449895, 0.435686, 0.447556, 0.437562, 0.424436, 0.459522, 0.449279, 0.451821, 0.441768, 0.469967, 0.453351, 0.459145, 0.438291, 0.445005, 0.435001, 0.442311, 0.447387, 0.449511, 0.437826, 0.436688, 0.431903, 0.446142, 0.466456, 0.440659, 0.451251, 0.453057, 0.441633, 0.46506, 0.449101, 0.452629, 0.447785, 0.448032, 0.46548, 0.443914, 0.45474, 0.456721, 0.465054, 0.439942, 0.44459, 0.441265, 0.442341, 0.446082, 0.452292, 0.458059, 0.448235, 0.442274, 0.429208, 0.444637, 0.453897, 0.45801, 0.450852, 0.458532, 0.458809, 0.465302
0.813131, 0, 0.173287, 0.283364, 0.364062, 0.337594, 0.299303, 0.382811, 0.445319, 0.415371, 0.417335, 0.412446, 0.35238, 0.46107, 0.47936, 0.41812, 0.407761, 0.432239, 0.418059, 0.444763, 0.443987, 0.444771, 0.433064, 0.407517, 0.470563, 0.457643, 0.439353, 0.470235, 0.421558, 0.472457, 0.451447, 0.465481, 0.436015, 0.457184, 0.471044, 0.445835, 0.463023, 0.443802, 0.460166, 0.458448, 0.435286, 0.445236, 0.439985, 0.461926, 0.457447, 0.44939, 0.458658, 0.467988, 0.432141, 0.468384, 0.440319, 0.461387, 0.448744, 0.467514, 0.438518, 0.442124, 0.44014, 0.46219, 0.455806, 0.447568, 0.446342, 0.466765, 0.441652, 0.441052, 0.464696, 0.44294, 0.451128, 0.453412, 0.457146, 0.44858, 0.477943, 0.464825, 0.449714, 0.447948, 0.459967, 0.449631, 0.443689, 0.449082, 0.472957, 0.463976, 0.467307, 0.460642, 0.465017, 0.452118, 0.468157, 0.455588, 0.45971, 0.449584, 0.462798, 0.452887, 0.45654, 0.461977, 0.45317, 0.457575, 0.452592, 0.451745, 0.470671, 0.464104, 0.453853, 0.458579, 0.459107
0.818182, 0, 0.303252, 0.264056, 0.343884, 0.401504, 0.466241, 0.416072, 0.36599, 0.406342, 0.45422, 0.339445, 0.41945, 0.424308, 0.381344, 0.440701, 0.435444, 0.440254, 0.41202, 0.453089, 0.444051, 0.436296, 0.472817, 0.419076, 0.427351, 0.4187, 0.420395, 0.459143, 0.472004, 0.460129, 0.422658, 0.429796, 0.448315, 0.445955, 0.430126, 0.451889, 0.403166, 0.454946, 0.452072, 0.450311, 0.455115, 0.460037, 0.455304, 0.447071, 0.465404, 0.452469, 0.425353, 0.448831, 0.467675, 0.462665, 0.449509, 0.466849, 0.478235, 0.454198, 0.452989, 0.464724, 0.470726, 0.472069, 0.457606, 0.467118, 0.477327, 0.470904, 0.465692, 0.459533, 0.459207, 0.462441, 0.466898, 0.467288, 0.473242, 0.465263, 0.461777, 0.455363, 0.458435, 0.467137, 0.459143, 0.457836, 0.460796, 0.481681, 0.451984, 0.457689, 0.45726, 0.455977, 0.473564, 0.465008, 0.455332, 0.468629, 0.467179, 0.467027, 0.471894, 0.458657, 0.478217, 0.458927, 0.468325, 0.462648, 0.469423, 0.466606, 0.469448, 0.453376, 0.462944, 0.474505, 0.457356
0.823232, 0, 0.288811, 0.30429, 0.410097, 0.342326, 0.374522, 0.409357, 0.421283, 0.35877, 0.405525, 0.362209, 0.4125, 0.414482, 0.464087, 0.447699, 0.459777, 0.475296, 0.416191, 0.423284, 0.400416, 0.449388, 0.442587, 0.425648, 0.466568, 0.439698, 0.442683, 0.451701, 0.442047, 0.447433, 0.449748, 0.460298, 0.462023, 0.446927, 0.447032, 0.452236, 0.467786, 0.44234, 0.467603, 0.445588, 0.468632, 0.449189, 0.47934, 0.466168, 0.467974, 0.464615, 0.464428, 0.457773, 0.451448, 0.454606, 0.470727, 0.469842, 0.472089, 0.467893, 0.469614, 0.465873, 0.463262, 0.460901, 0.45588, 0.450197, 0.468563, 0.461694, 0.474421, 0.480772, 0.463191, 0.482888, 0.470303, 0.462668, 0.468123, 0.46316, 0.466104, 0.452813, 0.487246, 0.468632, 0.474002, 0.461151, 0.483602, 0.470052, 0.458469, 0.461744, 0.476978, 0.480653, 0.455803, 0.479193, 0.473816, 0.468106, 0.46808, 0.482784, 0.478867, 0.475879, 0.464375, 0.472646, 0.481716, 0.473269, 0.490498, 0.462214, 0.475717, 0.46208, 0.476356, 0.469643, 0.470643
0.828283, 0, 0.269557, 0.281732, 0.394114, 0.435243, 0.393073, 0.370383, 0.430076, 0.403717, 0.445597, 0.454567, 0.41363, 0.426134, 0.47095, 0.466957, 0.452991, 0.471692, 0.428929, 0.443529, 0.472042, 0.489168, 0.474739, 0.428217, 0.420749, 0.465841, 0.519168, 0.48423, 0.440173, 0.467247, 0.435919, 0.486244, 0.460009, 0.475381, 0.47231, 0.476516, 0.456065, 0.467236, 0.45428, 0.469207, 0.438349, 0.478698, 0.450873, 0.480884, 0.464997, 0.458173, 0.472123, 0.461444, 0.475304, 0.484278, 0.467298, 0.473053, 0.461329, 0.481831, 0.471535, 0.477469, 0.475539, 0.472976, 0.472648, 0.45541, 0.491705, 0.475059, 0.465218, 0.462826, 0.463728, 0.482717, 0.482853, 0.466839, 0.473298, 0.487055, 0.50748, 0.474345, 0.485156, 0.473807, 0.469282, 0.489649, 0.474756, 0.492353, 0.486492, 0.482908, 0.463591, 0.482617, 0.482407, 0.473245, 0.484414, 0.480389, 0.488396, 0.48087, 0.480963, 0.478887, 0.479313, 0.477292, 0.470617, 0.493423, 0.487689, 0.476232, 0.482998, 0.475714, 0.491836, 0.467473, 0.485696
0.833333, 0, 0.277259, 0.378789, 0.406949, 0.374436, 0.44118, 0.380045, 0.413796, 0.438267, 0.514339, 0.442261, 0.475874, 0.451623, 0.440676, 0.462024, 0.434191, 0.448546, 0.465731, 0.442799, 0.474085, 0.451322, 0.433377, 0.438509, 0.493007, 0.518175, 0.460424, 0.437527, 0.480892, 0.475793, 0.450913, 0.444807, 0.487056, 0.457268, 0.492135, 0.463639, 0.497382, 0.471251, 0.475241, 0.466052, 0.470903, 0.467489, 0.473157, 0.470291, 0.48111, 0.490398, 0.460036, 0.489895, 0.472601, 0.482691, 0.491177, 0.481743, 0.486045, 0.467366, 0.450284, 0.472452, 0.472846, 0.469732, 0.454778, 0.486849, 0.478828, 0.495401, 0.475871, 0.48383, 0.495207, 0.473261, 0.485526, 0.478004, 0.481631, 0.491388, 0.489631, 0.478076, 0.482594, 0.47602, 0.493536, 0.492526, 0.477202, 0.488263, 0.489413, 0.493379, 0.485244, 0.483536, 0.496732, 0.50296, 0.492285, 0.478858, 0.480277, 0.477016, 0.506424, 0.487473, 0.48701, 0.499924, 0.476897, 0.480173, 0.48392, 0.481308, 0.488201, 0.491288, 0.486681, 0.484689, 0.484103
0.838384, 0, 0.297063, 0.33007, 0.374554, 0.318826, 0.449007, 0.333728, 0.401163, 0.433855, 0.428964, 0.455486, 0.426871, 0.356416, 0.448834, 0.420317, 0.471865, 0.496256, 0.509393, 0.477246, 0.446171, 0.464712, 0.482761, 0.479891, 0.484032, 0.482603, 0.50656, 0.466758, 0.482208, 0.478895, 0.473318, 0.484295, 0.482685, 0.474006, 0.484791, 0.503242, 0.458899, 0.453436, 0.482569, 0.471303, 0.453009, 0.485177, 0.483348, 0.4681, 0.495113, 0.480863, 0.502674, 0.499847, 0.488041, 0.477231, 0.494339, 0.498616, 0.488161, 0.486519, 0.488595, 0.489031, 0.486291, 0.474601, 0.501613, 0.489931, 0.486652, 0.495905, 0.495741, 0.487615, 0.478002, 0.479066, 0.475708, 0.481537, 0.480924, 0.499603, 0.480975, 0.490831, 0.497985, 0.490484, 0.481111, 0.4942, 0.488849, 0.483546, 0.499916, 0.495829, 0.489025, 0.486889, 0.497646, 0.487578, 0.49242, 0.486607, 0.485546, 0.482728, 0.495864, 0.497284, 0.491539, 0.501908, 0.496833, 0.506424, 0.495649, 0.501735, 0.505966, 0.505429, 0.48605, 0.489981, 0.507011
0.843434, 0, 0.173287, 0.292083, 0.321818, 0.382213, 0.388187, 0.289839, 0.426336, 0.441035, 0.492887, 0.379964, 0.461215, 0.431614, 0.481199, 0.488648, 0.441888, 0.451134, 0.45945, 0.459666, 0.462904, 0.460606, 0.467244, 0.466866, 0.46771, 0.474963, 0.496168, 0.463022, 0.452261, 0.486459, 0.478839, 0.485781, 0.484634, 0.486441, 0.480344, 0.492682, 0.509236, 0.484403, 0.475194, 0.490989, 0.462123, 0.476146, 0.489302, 0.501362, 0.497084, 0.491901, 0.487444, 0.495514, 0.50239, 0.475238, 0.4831, 0.495851, 0.505611, 0.507975, 0.520297, 0.487778, 0.50199, 0.5186, 0.504949, 0.506174, 0.496673, 0.493856, 0.499891, 0.504785, 0.503195, 0.495095, 0.493936, 0.505795, 0.487993, 0.487917, 0.493048, 0.508513, 0.505984, 0.514683, 0.490523, 0.490545, 0.49687, 0.507543, 0.506577, 0.507085, 0.497078, 0.487484, 0.502725, 0.491474, 0.4998, 0.494649, 0.498779, 0.497289, 0.495471, 0.50542, 0.5026, 0.486376, 0.512356, 0.508676, 0.504095, 0.501011, 0.500016, 0.50931, 0.502726, 0.507123, 0.510012
0.848485, 0, 0.346574, 0.269557, 0.306933, 0.378244, 0.396013, 0.414639, 0.418696, 0.439197, 0.426789, 0.444901, 0.463618, 0.449912, 0.458297, 0.399812, 0.467707, 0.44432, 0.466951, 0.498516, 0.466368, 0.465799, 0.488968, 0.465435, 0.492075, 0.492333, 0.493633, 0.504882, 0.465291, 0.453032, 0.479297, 0.514135, 0.514029, 0.454244, 0.485887, 0.488005, 0.489882, 0.498594, 0.506751, 0.496555, 0.513315, 0.4764, 0.50009, 0.48973, 0.500135, 0.495191, 0.493496, 0.487353, 0.507676, 0.479174, 0.490981, 0.516727, 0.486991, 0.506089, 0.505074, 0.489371, 0.495829, 0.509826, 0.507335, 0.493022, 0.494705, 0.504578, 0.500126, 0.492201, 0.494002, 0.495349, 0.500734, 0.514489, 0.509884, 0.523262, 0.496582, 0.49903, 0.508117, 0.523278, 0.502799, 0.500812, 0.502318, 0.517872, 0.505335, 0.512814, 0.510557, 0.505865, 0.501904, 0.512228, 0.508538, 0.497335, 0.51513, 0.513988, 0.509549, 0.516471, 0.512326, 0.511715, 0.514204, 0.488186, 0.499196, 0.506052, 0.513655, 0.504432, 0.505545, 0.501555, 0.51126
0.853535, 0, 0.242602, 0.256721, 0.412984, 0.40111, 0.373173, 0.425075, 0.395719, 0.467465, 0.440116, 0.464371, 0.497088, 0.49389, 0.496378, 0.517439, 0.484387, 0.436402, 0.515985, 0.497508, 0.493851, 0.460929, 0.464094, 0.487913, 0.431041, 0.497153, 0.502201, 0.47589, 0.502622, 0.514339, 0.485723, 0.495561, 0.500787, 0.497291, 0.50569, 0.494067, 0.505221, 0.519762, 0.50007, 0.505409, 0.513367, 0.522054, 0.512583, 0.514125, 0.512932, 0.514742, 0.500681, 0.502348, 0.507716, 0.511313, 0.496526, 0.506432, 0.51456, 0.511226, 0.498206, 0.508348, 0.500726, 0.512361, 0.509176, 0.496081, 0.499595, 0.501195, 0.503438, 0.504883, 0.519901, 0.512559, 0.501041, 0.501223, 0.504233, 0.515287, 0.495803, 0.502807, 0.512399, 0.511081, 0.502992, 0.502213, 0.507136, 0.513089, 0.524788, 0.506232, 0.517299, 0.504501, 0.534725, 0.510908, 0.511138, 0.499724, 0.504728, 0.518151, 0.510553, 0.503389, 0.516693, 0.501213, 0.514044, 0.525908, 0.5104, 0.519285, 0.516598, 0.518341, 0.522535, 0.518718, 0.517463
0.858586, 0, 0.311916, 0.39671, 0.29501, 0.40828, 0.392871, 0.464135, 0.45167, 0.531403, 0.380483, 0.443247, 0.468786, 0.530638, 0.461051, 0.502506, 0.504493, 0.513721, 0.45891, 0.444073, 0.460174, 0.48328, 0.519361, 0.52292, 0.499948, 0.505979, 0.493994, 0.496819, 0.512667, 0.514906, 0.51189, 0.49669, 0.481964, 0.504134, 0.505427, 0.5095, 0.5113, 0.525499, 0.506515, 0.521005, 0.517001, 0.506289, 0.484033, 0.511678, 0.524971, 0.488666, 0.51615, 0.497476, 0.537279, 0.526019, 0.499335, 0.497079, 0.495394, 0.51541, 0.519861, 0.520089, 0.516998, 0.510546, 0.522185, 0.511752, 0.517212, 0.497268, 0.513449, 0.515427, 0.500698, 0.529409, 0.52242, 0.511744, 0.520753, 0.498774, 0.510817, 0.523063, 0.519481, 0.506086, 0.512261, 0.521028, 0.523576, 0.527032, 0.519809, 0.499752, 0.51202, 0.52394, 0.519037, 0.520369, 0.527583, 0.530966, 0.522585, 0.528836, 0.51887, 0.515669, 0.525358, 0.519949, 0.52149, 0.524844, 0.523073, 0.520542, 0.533641, 0.522189, 0.519336, 0.521889, 0.525629
0.863636, 0, 0.247553, 0.385082, 0.345201, 0.404449, 0.475132, 0.454606, 0.482668, 0.436946, 0.449494, 0.509073, 0.499911, 0.443143, 0.516524, 0.493355, 0.531814, 0.492297, 0.480624, 0.48937, 0.497207, 0.484922, 0.503294, 0.506789, 0.484751, 0.502245, 0.502462, 0.508284, 0.520466, 0.511138, 0.514152, 0.504021, 0.540839, 0.486962, 0.523284, 0.511284, 0.50304, 0.524914, 0.52605, 0.510791, 0.530624, 0.517854, 0.516639, 0.519856, 0.504527, 0.51471, 0.53083, 0.514658, 0.508607, 0.532587, 0.527492, 0.521464, 0.522735, 0.521402, 0.525077, 0.515728, 0.508974, 0.505198, 0.517616, 0.527071, 0.518239, 0.529172, 0.530419, 0.517262, 0.526142, 0.531297, 0.51391, 0.527324, 0.518156, 0.526586, 0.529509, 0.525784, 0.520533, 0.527084, 0.521073, 0.533249, 0.535498, 0.535408, 0.508498, 0.533586, 0.533075, 0.53636, 0.52464, 0.52286, 0.533114, 0.529542, 0.519651, 0.528234, 0.535917, 0.52516, 0.52297, 0.520805, 0.51786, 0.52027, 0.530217, 0.526753, 0.538308, 0.53024, 0.528349, 0.533269, 0.523393
0.868687, 0, 0.269557, 0.305706, 0.377663, 0.336043, 0.404037, 0.452006, 0.46638, 0.510336, 0.470073, 0.498988, 0.470159, 0.4885, 0.479318, 0.482983, 0.508642, 0.467482, 0.514207, 0.496705, 0.499979, 0.512593, 0.504487, 0.523129, 0.530978, 0.449462, 0.511348, 0.502335, 0.494611, 0.502143, 0.522219, 0.493635, 0.517486, 0.522489, 0.522069, 0.515708, 0.523454, 0.530481, 0.522866, 0.517955, 0.517692, 0.523542, 0.531623, 0.519131, 0.531973, 0.49522, 0.528091, 0.530072, 0.510257, 0.532414, 0.533769, 0.520409, 0.527803, 0.53338, 0.521157, 0.528961, 0.515049, 0.530913, 0.516439, 0.531947, 0.531538, 0.524437, 0.534156, 0.535809, 0.526203, 0.512633, 0.518668, 0.537287, 0.540219, 0.529288, 0.529997, 0.516479, 0.524942, 0.523736, 0.512289, 0.534183, 0.531719, 0.53529, 0.537057, 0.520109, 0.540265, 0.536495, 0.528768, 0.541838, 0.538676, 0.531149, 0.532556, 0.53977, 0.532102, 0.531038, 0.537673, 0.531479, 0.539551, 0.535621, 0.529637, 0.54794, 0.53403, 0.534556, 0.526617, 0.526066, 0.530186
0.873737, 0, 0.308065, 0.351481, 0.423735, 0.434466, 0.506491, 0.459637, 0.43636, 0.461168, 0.444679, 0.482802, 0.521366, 0.507077, 0.492155, 0.493729, 0.517038, 0.482332, 0.514918, 0.521725, 0.512775, 0.514441, 0.509217, 0.518817, 0.533147, 0.552389, 0.503272, 0.549566, 0.510097, 0.504686, 0.51118, 0.498344, 0.526092, 0.526729, 0.531671, 0.525008, 0.516571, 0.539862, 0.537096, 0.53318, 0.532947, 0.535275, 0.518437, 0.53375, 0.515415, 0.529309, 0.518239, 0.542658, 0.549076, 0.512216, 0.524928, 0.541581, 0.536054, 0.525771, 0.513, 0.537, 0.536961, 0.541142, 0.532399, 0.545636, 0.528874, 0.534314, 0.548403, 0.533223, 0.537229, 0.528843, 0.53056, 0.540317, 0.53345, 0.53838, 0.52515, 0.538311, 0.53979, 0.543822, 0.540093, 0.53721, 0.530705, 0.542952, 0.542653, 0.549442, 0.531935, 0.545587, 0.545679, 0.538201, 0.535389, 0.533187, 0.538472, 0.554981, 0.543051, 0.539274, 0.539902, 0.532108, 0.54327, 0.529944, 0.543127, 0.539712, 0.529523, 0.526329, 0.536977, 0.541561, 0.54478
0.878788, 0, 0.308065, 0.313879, 0.409539, 0.370862, 0.43806, 0.44314, 0.455197, 0.51979, 0.464818, 0.487101, 0.505557, 0.508273, 0.476794, 0.485003, 0.506409, 0.501818, 0.532653, 0.524345, 0.508732, 0.527754, 0.513239, 0.512852, 0.532798, 0.543777, 0.528042, 0.526431, 0.526166, 0.514573, 0.525479, 0.530961, 0.505454, 0.518179, 0.540412, 0.548771, 0.532197, 0.541081, 0.555153, 0.52037, 0.55107, 0.54858, 0.532202, 0.512081, 0.539775, 0.536311, 0.538875, 0.524345, 0.536964, 0.526331, 0.545368, 0.546151, 0.54691, 0.536873, 0.543055, 0.543172, 0.548661, 0.517728, 0.544821, 0.54832, 0.545472, 0.553613, 0.539073, 0.551026, 0.556622, 0.539343, 0.549791, 0.541672, 0.537288, 0.546778, 0.549077, 0.551068, 0.544923, 0.554484, 0.545909, 0.553598, 0.554579, 0.545245, 0.545104, 0.543756, 0.542176, 0.54456, 0.545512, 0.549618, 0.541628, 0.554276, 0.538959, 0.548232, 0.548658, 0.55104, 0.551186, 0.549558, 0.553205, 0.555889, 0.544865, 0.542156, 0.5554, 0.550711, 0.552569, 0.552183, 0.538571
0.883838, 0, 0.269557, 0.276825, 0.454511, 0.46324, 0.453416, 0.494272, 0.513344, 0.461909, 0.447572, 0.466145, 0.516864, 0.52781, 0.527012, 0.491553, 0.480931, 0.537844, 0.550016, 0.529546, 0.506677, 0.519153, 0.543226, 0.532953, 0.525041, 0.540896, 0.532496, 0.529436, 0.546515, 0.549884, 0.530649, 0.539086, 0.528926, 0.538401, 0.542012, 0.525043, 0.528886, 0.540303, 0.546918, 0.526185, 0.536683, 0.556551, 0.538524, 0.549857, 0.538926, 0.541638, 0.53604, 0.555898, 0.529165, 0.554494, 0.553265, 0.543915, 0.533295, 0.551362, 0.537604, 0.549394, 0.54795, 0.539105, 0.547539, 0.543483, 0.547872, 0.541148, 0.553082, 0.544686, 0.556099, 0.54737, 0.550215, 0.568212, 0.540774, 0.546648, 0.550859, 0.553121, 0.531414, 0.538081, 0.542722, 0.554231, 0.555863, 0.546797, 0.539547, 0.55394, 0.556517, 0.556886, 0.538197, 0.557017, 0.548607, 0.553493, 0.551964, 0.547716, 0.558164, 0.554589, 0.55209, 0.564028, 0.560407, 0.552327, 0.559056, 0.553476, 0.555021, 0.556916, 0.549934, 0.551464, 0.56509
0.888889, 0, 0.231049, 0.380362, 0.435426, 0.483017, 0.463931, 0.443392, 0.472358, 0.494068, 0.514615, 0.513846, 0.525921, 0.485795, 0.508414, 0.466012, 0.487655, 0.548748, 0.490721, 0.532375, 0.530815, 0.497099, 0.549464, 0.521596, 0.517717, 0.527389, 0.535118, 0.541934, 0.537095, 0.551086, 0.543779, 0.538323, 0.55581, 0.541947, 0.550381, 0.56049, 0.529116, 0.547655, 0.537853, 0.563273, 0.55348, 0.559883, 0.554765, 0.540268, 0.542475, 0.546847, 0.550841, 0.546658, 0.544422, 0.56008, 0.546619, 0.539386, 0.547785, 0.554683, 0.547721, 0.547093, 0.546803, 0.550426, 0.560026, 0.559372, 0.566627, 0.557281, 0.562079, 0.548754, 0.562587, 0.557565, 0.55374, 0.564732, 0.556194, 0.552429, 0.558846, 0.563284, 0.555363, 0.562232, 0.555918, 0.560399, 0.560685, 0.553453, 0.555398, 0.560358, 0.556985, 0.561269, 0.560264, 0.558161, 0.549343, 0.561453, 0.562333, 0.557733, 0.561423, 0.56444, 0.55976, 0.571963, 0.560563, 0.563331, 0.560954, 0.563497, 0.556921, 0.558578, 0.557777, 0.551761, 0.553496
0.893939, 0, 0.346574, 0.346574, 0.426504, 0.372853, 0.438237, 0.499679, 0.50667, 0.516535, 0.519182, 0.501395, 0.518546, 0.508795, 0.535216, 0.524034, 0.503477, 0.528548, 0.525881, 0.558487, 0.53725, 0.535323, 0.52369, 0.542515, 0.534426, 0.555497, 0.547438, 0.5581, 0.553713, 0.529865, 0.549583, 0.548476, 0.575867, 0.555596, 0.562577, 0.55428, 0.532928, 0.540978, 0.566291, 0.56056, 0.548377, 0.56882, 0.544981, 0.569248, 0.565026, 0.55488, 0.581029, 0.565468, 0.552621, 0.556295, 0.568324, 0.553985, 0.564061, 0.55615, 0.556746, 0.562995, 0.561442, 0.568785, 0.561208, 0.551838, 0.551006, 0.55852, 0.553189, 0.571116, 0.558879, 0.558889, 0.561167, 0.568947, 0.555279, 0.561535, 0.557436, 0.570309, 0.550184, 0.562704, 0.558531, 0.567709, 0.562302, 0.562326, 0.558063, 0.562249, 0.572708, 0.559189, 0.573668, 0.561368, 0.557154, 0.561985, 0.562753, 0.566891, 0.56259, 0.571293, 0.565143, 0.555355, 0.576938, 0.567017, 0.565373, 0.562281, 0.567829, 0.56632, 0.566237, 0.573947, 0.569566
0.89899, 0, 0.308065, 0.396084, 0.408225, 0.409703, 0.439444, 0.460558, 0.503501, 0.514281, 0.504442, 0.550012, 0.523592, 0.565385, 0.536339, 0.521927, 0.551415, 0.534871, 0.516001, 0.544666, 0.523046, 0.54662, 0.553641, 0.538288, 0.522175, 0.537641, 0.550827, 0.539779, 0.555365, 0.541752, 0.554379, 0.558576, 0.547729, 0.541863, 0.569522, 0.563151, 0.548605, 0.544807, 0.549873, 0.562223, 0.564611, 0.554546, 0.536914, 0.56968, 0.571738, 0.549886, 0.549922, 0.565537, 0.555708, 0.571831, 0.573298, 0.569422, 0.565844, 0.57278, 0.554264, 0.561492, 0.565946, 0.563194, 0.570697, 0.567544, 0.567591, 0.563469, 0.565358, 0.559299, 0.564085, 0.564099, 0.571823, 0.565813, 0.56791, 0.564888, 0.569519, 0.565344, 0.581048, 0.573359, 0.572917, 0.568561, 0.560094, 0.56193, 0.575644, 0.574184, 0.564448, 0.566097, 0.562959, 0.575653, 0.570247, 0.56352, 0.564017, 0.571556, 0.576549, 0.57233, 0.575761, 0.568622, 0.566754, 0.567376, 0.573906, 0.565898, 0.573773, 0.569384, 0.569054, 0.572551, 0.565232
0.90404, 0, 0.297063, 0.438993, 0.490336, 0.446925, 0.470815, 0.51539, 0.531156, 0.491405, 0.469323, 0.556179, 0.529007, 0.511431, 0.544888, 0.520166, 0.511614, 0.547384, 0.558615, 0.542762, 0.562727, 0.538209, 0.562655, 0.550656, 0.560286, 0.541498, 0.556069, 0.58017, 0.554258, 0.553127, 0.549569, 0.558165, 0.552544, 0.555949, 0.562561, 0.565607, 0.57321, 0.56064, 0.573652, 0.567289, 0.569523, 0.559896, 0.564998, 0.568989, 0.573908, 0.57234, 0.571467, 0.56677, 0.575263, 0.562263, 0.569683, 0.577104, 0.56393, 0.56907, 0.569656, 0.562751, 0.580951, 0.567931, 0.574049, 0.580058, 0.583079, 0.583928, 0.574928, 0.572422, 0.571301, 0.583472, 0.575807, 0.562615, 0.569182, 0.565094, 0.575466, 0.57533, 0.58333, 0.56781, 0.57731, 0.570891, 0.580688, 0.568622, 0.579154, 0.582589, 0.580184, 0.5767, 0.572665, 0.576662, 0.56896, 0.566896, 0.577757, 0.584768, 0.583663, 0.569238, 0.574676, 0.578576, 0.58211, 0.574488, 0.57936, 0.576877, 0.579599, 0.579424, 0.576436, 0.575175, 0.573333
0.909091, 0, 0.269557, 0.392783, 0.424871, 0.50226, 0.504265, 0.4897, 0.512117, 0.55434, 0.506985, 0.52486, 0.516411, 0.500325, 0.520386, 0.526462, 0.562762, 0.534326, 0.543532, 0.551064, 0.565852, 0.575039, 0.574489, 0.565144, 0.552818, 0.55444, 0.564369, 0.581799, 0.555944, 0.5589, 0.555489, 0.574269, 0.571128, 0.569883, 0.567586, 0.569502, 0.563565, 0.569367, 0.562224, 0.565377, 0.566373, 0.568476, 0.564604, 0.571694, 0.571384, 0.57861, 0.574761, 0.573806, 0.579052, 0.581155, 0.563987, 0.578736, 0.583422, 0.57885, 0.58338, 0.578214, 0.580347, 0.580355, 0.575809, 0.577356, 0.571893, 0.585994, 0.567851, 0.578575, 0.578002, 0.569776, 0.587266, 0.584575, 0.584909, 0.572608, 0.583408, 0.577955, 0.581846, 0.581724, 0.580798, 0.576016, 0.585051, 0.581667, 0.583716, 0.580596, 0.578914, 0.576771, 0.577031, 0.580102, 0.579946, 0.568076, 0.58988, 0.581499, 0.592615, 0.576288, 0.581389, 0.581006, 0.58214, 0.589345, 0.584695, 0.585171, 0.590027, 0.587484, 0.590136, 0.582732, 0.580062
0.914141, 0, 0.346574, 0.410754, 0.387268, 0.490157, 0.475631, 0.492212, 0.494217, 0.504467, 0.48943, 0.522413, 0.544825, 0.519247, 0.558533, 0.572254, 0.532439, 0.562378, 0.560606, 0.550171, 0.576726, 0.560877, 0.568634, 0.551506, 0.555547, 0.561096, 0.564254, 0.555438, 0.563989, 0.580459, 0.567987, 0.586243, 0.56514, 0.586147, 0.59493, 0.588993, 0.588782, 0.583917, 0.581035, 0.572991, 0.580751, 0.586219, 0.583962, 0.570824, 0.579871, 0.579236, 0.571857, 0.582311, 0.564193, 0.586605, 0.584382, 0.58694, 0.579678, 0.584116, 0.587412, 0.578645, 0.576351, 0.589833, 0.585305, 0.580929, 0.586532, 0.590412, 0.586504, 0.599223, 0.578039, 0.589802, 0.590626, 0.579654, 0.584655, 0.590211, 0.587273, 0.589081, 0.586564, 0.58892, 0.577072, 0.587027, 0.590437, 0.587964, 0.583803, 0.590155, 0.587845, 0.5874, 0.592479, 0.591117, 0.588607, 0.585643, 0.582451, 0.596947, 0.59228, 0.592409, 0.593751, 0.593663, 0.587579, 0.587694, 0.589319, 0.59397, 0.594702, 0.594474, 0.591262, 0.585921, 0.591002
0.919192, 0, 0.269557, 0.400099, 0.480062, 0.452322, 0.494011, 0.532541, 0.530572, 0.554866, 0.51651, 0.555159, 0.554418, 0.573661, 0.552002, 0.561371, 0.576662, 0.58919, 0.5755, 0.593168, 0.55922, 0.581292, 0.575846, 0.570689, 0.55469, 0.566526, 0.586303, 0.580604, 0.572476, 0.550859, 0.577726, 0.589464, 0.580619, 0.567003, 0.574542, 0.587252, 0.59232, 0.592769, 0.588837, 0.579889, 0.569264, 0.587283, 0.588791, 0.59018, 0.589493, 0.587489, 0.589188, 0.579538, 0.59101, 0.590331, 0.58616, 0.589101, 0.583046, 0.584477, 0.599312, 0.589792, 0.593298, 0.595239, 0.589101, 0.593222, 0.593217, 0.593142, 0.604458, 0.590827, 0.600038, 0.591471, 0.594768, 0.590021, 0.588037, 0.585017, 0.595545, 0.60354, 0.593794, 0.599165, 0.592309, 0.596322, 0.598697, 0.596314, 0.59419, 0.595409, 0.601008, 0.594215, 0.592275, 0.587468, 0.599051, 0.597827, 0.594143, 0.60208, 0.595815, 0.595297, 0.593335, 0.603946, 0.598827, 0.598453, 0.591022, 0.594994, 0.590825, 0.600799, 0.593988, 0.592727, 0.598818
0.924242, 0, 0.308065, 0.419814, 0.405358, 0.455355, 0.498312, 0.520832, 0.516457, 0.56477, 0.5271, 0.54786, 0.547165, 0.556275, 0.574372, 0.54828, 0.57553, 0.568476, 0.568067, 0.574203, 0.565786, 0.57576, 0.550759, 0.585534, 0.578267, 0.578087, 0.581398, 0.563715, 0.575739, 0.585296, 0.570638, 0.578002, 0.588248, 0.582535, 0.591567, 0.586161, 0.594318, 0.59259, 0.579017, 0.589463, 0.589589, 0.593375, 0.588022, 0.58796, 0.592438, 0.600601, 0.59831, 0.578184, 0.585512, 0.605419, 0.591314, 0.600154, 0.60372, 0.59727, 0.593313, 0.591939, 0.59937, 0.593618, 0.597629, 0.607537, 0.59048, 0.595412, 0.597635, 0.596192, 0.596758, 0.60427, 0.589973, 0.597694, 0.602084, 0.598171, 0.599844, 0.601351, 0.598277, 0.603998, 0.593031, 0.60282, 0.600371, 0.607237, 0.606473, 0.596707, 0.60522, 0.592741, 0.595163, 0.610163, 0.605003, 0.594913, 0.601383, 0.594364, 0.603339, 0.588888, 0.599412, 0.597807, 0.598465, 0.607221, 0.611026, 0.59323, 0.600755, 0.606279, 0.601717, 0.606407, 0.605979
0.929293, 0, 0.346574, 0.442919, 0.450705, 0.471931, 0.483477, 0.520615, 0.519205, 0.544614, 0.504518, 0.57333, 0.559709, 0.551307, 0.578624, 0.547042, 0.571484, 0.551063, 0.57793, 0.573645, 0.590134, 0.56848, 0.593409, 0.576779, 0.589918, 0.578316, 0.582397, 0.600623, 0.59886, 0.590635, 0.597266, 0.581692, 0.5809, 0.593005, 0.59028, 0.588878, 0.590625, 0.594319, 0.591807, 0.59305, 0.592465, 0.591926, 0.608907, 0.599389, 0.590425, 0.601927, 0.598381, 0.59885, 0.599901, 0.608736, 0.607603, 0.610521, 0.601654, 0.597494, 0.596836, 0.602337, 0.60834, 0.60354, 0.602443, 0.601986, 0.599126, 0.598156, 0.603307, 0.605162, 0.606516, 0.60373, 0.611318, 0.608653, 0.601948, 0.597557, 0.606746, 0.607342, 0.607439, 0.607745, 0.603215, 0.605912, 0.608424, 0.605909, 0.605203, 0.602943, 0.608449, 0.603321, 0.610664, 0.603428, 0.607871, 0.60295, 0.599268, 0.610774, 0.606653, 0.597925, 0.605222, 0.606659, 0.605383, 0.610397, 0.608453, 0.604408, 0.605376, 0.609294, 0.606071, 0.60732, 0.608833
0.934343, 0, 0.346574, 0.438993, 0.456124, 0.488624, 0.466881, 0.497196, 0.537338, 0.520563, 0.557364, 0.583883, 0.574905, 0.578852, 0.604293, 0.546453, 0.584254, 0.573423, 0.582957, 0.570104, 0.585529, 0.588411, 0.578617, 0.588355, 0.599557, 0.57868, 0.58822, 0.603192, 0.589929, 0.598667, 0.611189, 0.612535, 0.610545, 0.596538, 0.602391, 0.599226, 0.587405, 0.605272, 0.601743, 0.613117, 0.600336, 0.605835, 0.601362, 0.600655, 0.604096, 0.595493, 0.613876, 0.604416, 0.594758, 0.599777, 0.614902, 0.610365, 0.609695, 0.594667, 0.602152, 0.613063, 0.608461, 0.610919, 0.608346, 0.616974, 0.613485, 0.60829, 0.610105, 0.615019, 0.613066, 0.610385, 0.603327, 0.615768, 0.604519, 0.603099, 0.603693, 0.617565, 0.622275, 0.609799, 0.609765, 0.612596, 0.6062, 0.605314, 0.61513, 0.615174, 0.617368, 0.610338, 0.612851, 0.614701, 0.614702, 0.617151, 0.616787, 0.615467, 0.615375, 0.616804, 0.615512, 0.618358, 0.608811, 0.607092, 0.610447, 0.611146, 0.609732, 0.621703, 0.617144, 0.613936, 0.615135
0.939394, 0, 0.303252, 0.373605, 0.447319, 0.477526, 0.539046, 0.546104, 0.560122, 0.543998, 0.553949, 0.547251, 0.562427, 0.590979, 0.584396, 0.590639, 0.579982, 0.576358, 0.566823, 0.604402, 0.575202, 0.586108, 0.60178, 0.606324, 0.600517, 0.599935, 0.602678, 0.603269, 0.611712, 0.596058, 0.576311, 0.59134, 0.609673, 0.607688, 0.606435, 0.610223, 0.607915, 0.606164, 0.604959, 0.612681, 0.609316, 0.608583, 0.613327, 0.617935, 0.612408, 0.599373, 0.604498, 0.606357, 0.607016, 0.606067, 0.610967, 0.609764, 0.613262, 0.608254, 0.604187, 0.601039, 0.622323, 0.61689, 0.613596, 0.608412, 0.601377, 0.617544, 0.6114, 0.614233, 0.610434, 0.615163, 0.609857, 0.612102, 0.612281, 0.618676, 0.611646, 0.619021, 0.610573, 0.614936, 0.624936, 0.618285, 0.622217, 0.622615, 0.619991, 0.614618, 0.613877, 0.617007, 0.623253, 0.61874, 0.621866, 0.623416, 0.623374, 0.617914, 0.621406, 0.622889, 0.620526, 0.616591, 0.619479, 0.62054, 0.619212, 0.627325, 0.618076, 0.618036, 0.620168, 0.622833, 0.621532
0.944444, 0, 0.277259, 0.392349, 0.467481, 0.499567, 0.521635, 0.554362, 0.551567, 0.54128, 0.561891, 0.558504, 0.569662, 0.595756, 0.586342, 0.589586, 0.578684, 0.606671, 0.58417, 0.594213, 0.599838, 0.60394, 0.589865, 0.591959, 0.604378, 0.602715, 0.615133, 0.61111, 0.611066, 0.606097, 0.62233, 0.611635, 0.613124, 0.610354, 0.601676, 0.612101, 0.606989, 0.611104, 0.603028, 0.614635, 0.612352, 0.6174, 0.609313, 0.607191, 0.622504, 0.617294, 0.61539, 0.607501, 0.618083, 0.614632, 0.621269, 0.614585, 0.621765, 0.617382, 0.623079, 0.622476, 0.616148, 0.618645, 0.617295, 0.622237, 0.621114, 0.617064, 0.621007, 0.615051, 0.622243, 0.622267, 0.623788, 0.621707, 0.623284, 0.622648, 0.626166, 0.621307, 0.626394, 0.623178, 0.617369, 0.625405, 0.624699, 0.620392, 0.622796, 0.618879, 0.61969, 0.628335, 0.625639, 0.628979, 0.623451, 0.621856, 0.625777, 0.622602, 0.625749, 0.621071, 0.62244, 0.625005, 0.625708, 0.62678, 0.625633, 0.621574, 0.621488, 0.626982, 0.632214, 0.627821, 0.625045
0.949495, 0, 0.346574, 0.462098, 0.515688, 0.510347, 0.522241, 0.558016, 0.541354, 0.587121, 0.553061, 0.573143, 0.551868, 0.564318, 0.595275, 0.58796, 0.58803, 0.596808, 0.597491, 0.610526, 0.606357, 0.593473, 0.603162, 0.600731, 0.615175, 0.605358, 0.612718, 0.616229, 0.610887, 0.609477, 0.608634, 0.61823, 0.620814, 0.62147, 0.624662, 0.617749, 0.609756, 0.617194, 0.620485, 0.615514, 0.625007, 0.621364, 0.620279, 0.622416, 0.623929, 0.620949, 0.621281, 0.622145, 0.620569, 0.626743, 0.626801, 0.625222, 0.623168, 0.620234, 0.622117, 0.622734, 0.623959, 0.633416, 0.624127, 0.622652, 0.623208, 0.634892, 0.631283, 0.634072, 0.631756, 0.630231, 0.626426, 0.624598, 0.621907, 0.630223, 0.628839, 0.621456, 0.629383, 0.629913, 0.62709, 0.624945, 0.634607, 0.637791, 0.626452, 0.636348, 0.627272, 0.632335, 0.632925, 0.629068, 0.632673, 0.632256, 0.628315, 0.635849, 0.634902, 0.627021, 0.630364, 0.632928, 0.6316, 0.630882, 0.635198, 0.632358, 0.629966, 0.628592, 0.628979, 0.631489, 0.634529
0.954545, 0, 0.311916, 0.410754, 0.503096, 0.479134, 0.49484, 0.529051, 0.562171, 0.57851, 0.578187, 0.584252, 0.564034, 0.58794, 0.586312, 0.594775, 0.610546, 0.592274, 0.59809, 0.608885, 0.623844, 0.622327, 0.587985, 0.607424, 0.626571, 0.622216, 0.614108, 0.619715, 0.625469, 0.61631, 0.611634, 0.634533, 0.636461, 0.624406, 0.631963, 0.617782, 0.619174, 0.627224, 0.624205, 0.6311, 0.62802, 0.623796, 0.623067, 0.623543, 0.626094, 0.631852, 0.61648, 0.622728, 0.623955, 0.627215, 0.620111, 0.629686, 0.622762, 0.631635, 0.630449, 0.632485, 0.627912, 0.637081, 0.634794, 0.638643, 0.623618, 0.633345, 0.633003, 0.636044, 0.6305, 0.632379, 0.634235, 0.63674, 0.630181, 0.633822, 0.628877, 0.629536, 0.633432, 0.638203, 0.636629, 0.630454, 0.634125, 0.635386, 0.634915, 0.631126, 0.633714, 0.633604, 0.637157, 0.629681, 0.629781, 0.632473, 0.639434, 0.634945, 0.637841, 0.638654, 0.637911, 0.634052, 0.634885, 0.640803, 0.638316, 0.639266, 0.640348, 0.638916, 0.637707, 0.637889, 0.638448
0.959596, 0, 0.346574, 0.452509, 0.468297, 0.519747, 0.545428, 0.557053, 0.562944, 0.590416, 0.591003, 0.569424, 0.60463, 0.578403, 0.604674, 0.614367, 0.595231, 0.590576, 0.607128, 0.598472, 0.61519, 0.608844, 0.611822, 0.624708, 0.612205, 0.629555, 0.628085, 0.621363, 0.631983, 0.609754, 0.627424, 0.626697, 0.61932, 0.619009, 0.639886, 0.632478, 0.625688, 0.623715, 0.626226, 0.628342, 0.629715, 0.632141, 0.631753, 0.639221, 0.621346, 0.63488, 0.639421, 0.630774, 0.636376, 0.628993, 0.641391, 0.637955, 0.638786, 0.641633, 0.642962, 0.636266, 0.642027, 0.634795, 0.635433, 0.641573, 0.639719, 0.639957, 0.635847, 0.634237, 0.647835, 0.636758, 0.636328, 0.636105, 0.641047, 0.639868, 0.64144, 0.642392, 0.639285, 0.639422, 0.639069, 0.642829, 0.644057, 0.64006, 0.637194, 0.643663, 0.638807, 0.644206, 0.64273, 0.643084, 0.636167, 0.640522, 0.646974, 0.646882, 0.63899, 0.646658, 0.642714, 0.639849, 0.640088, 0.640787, 0.642917, 0.645025, 0.639085, 0.642481, 0.63952, 0.644513, 0.642288
0.964646, 0, 0.346574, 0.415888, 0.502532, 0.523332, 0.548216, 0.528013, 0.57441, 0.577838, 0.5832, 0.607586, 0.618265, 0.623219, 0.603496, 0.612019, 0.6085, 0.624888, 0.618157, 0.611354, 0.61724, 0.616748, 0.627495, 0.625905, 0.623525, 0.636908, 0.622463, 0.633155, 0.633858, 0.633396, 0.631711, 0.634146, 0.631079, 0.629635, 0.624651, 0.635135, 0.63302, 0.641209, 0.634818, 0.637345, 0.638644, 0.644486, 0.637831, 0.635596, 0.645263, 0.63481, 0.6396, 0.639524, 0.634776, 0.643643, 0.636744, 0.639906, 0.639078, 0.641277, 0.641267, 0.642465, 0.645151, 0.638944, 0.639109, 0.645931, 0.642851, 0.641798, 0.644774, 0.642161, 0.638507, 0.643741, 0.640514, 0.652582, 0.64907, 0.641054, 0.650264, 0.65023, 0.649483, 0.644203, 0.642828, 0.64494, 0.64805, 0.64566, 0.648393, 0.648497, 0.645188, 0.649833, 0.649459, 0.652399, 0.645963, 0.649927, 0.642588, 0.64541, 0.644581, 0.644902, 0.644498, 0.647884, 0.646662, 0.647108, 0.644904, 0.647125, 0.646122, 0.648831, 0.643954, 0.649109, 0.6507
0.969697, 0, 0.269557, 0.462098, 0.499193, 0.531287, 0.513353, 0.54857, 0.582963, 0.584082, 0.601672, 0.599003, 0.608541, 0.603455, 0.607405, 0.612315, 0.62075, 0.61684, 0.630198, 0.626635, 0.626419, 0.626344, 0.611576, 0.621863, 0.619122, 0.623599, 0.626252, 0.639621, 0.629155, 0.63242, 0.642591, 0.640997, 0.637533, 0.636057, 0.63776, 0.64198, 0.642241, 0.645193, 0.643025, 0.633673, 0.642029, 0.637937, 0.644848, 0.649251, 0.642395, 0.651583, 0.645877, 0.641048, 0.651138, 0.646982, 0.642608, 0.647529, 0.652138, 0.650354, 0.648745, 0.649397, 0.647171, 0.647896, 0.656239, 0.650346, 0.646375, 0.648268, 0.65263, 0.650654, 0.649582, 0.646739, 0.651722, 0.650975, 0.654146, 0.648697, 0.643743, 0.64954, 0.651744, 0.652218, 0.648994, 0.652814, 0.652343, 0.653345, 0.649063, 0.649398, 0.651243, 0.650712, 0.653461, 0.652482, 0.650328, 0.651093, 0.650972, 0.650783, 0.652219, 0.652388, 0.652676, 0.654832, 0.651623, 0.651807, 0.650078, 0.653481, 0.651994, 0.651293, 0.652273, 0.656471, 0.654363
0.974747, 0, 0.277259, 0.451443, 0.501434, 0.511638, 0.560751, 0.559056, 0.588918, 0.604006, 0.607982, 0.605335, 0.599187, 0.596337, 0.628907, 0.614895, 0.612102, 0.628582, 0.622318, 0.629858, 0.64332, 0.634323, 0.626381, 0.635082, 0.64142, 0.636683, 0.6349, 0.638297, 0.631908, 0.642038, 0.641661, 0.644752, 0.644614, 0.639004, 0.647611, 0.650575, 0.636478, 0.646815, 0.644757, 0.650875, 0.64797, 0.643611, 0.652206, 0.649057, 0.655553, 0.651125, 0.651798, 0.651811, 0.655664, 0.651189, 0.652634, 0.658383, 0.655829, 0.655279, 0.653594, 0.65346, 0.649352, 0.652107, 0.653785, 0.655867, 0.658195, 0.65905, 0.649639, 0.657208, 0.656837, 0.652757, 0.657408, 0.656762, 0.655461, 0.655315, 0.65469, 0.658322, 0.656863, 0.65562, 0.657974, 0.656224, 0.658215, 0.658785, 0.65354, 0.656194, 0.6558, 0.653168, 0.6578, 0.656029, 0.662425, 0.660742, 0.65882, 0.661465, 0.656957, 0.661091, 0.65475, 0.660977, 0.656515, 0.658923, 0.656003, 0.659644, 0.657357, 0.660544, 0.659146, 0.659245, 0.660476
0.979798, 0, 0.346574, 0.462098, 0.50811, 0.541732, 0.572828, 0.568009, 0.59363, 0.606956, 0.605289, 0.615098, 0.610288, 0.620083, 0.620354, 0.618032, 0.632577, 0.628562, 0.633616, 0.625036, 0.637059, 0.630757, 0.639961, 0.640039, 0.647172, 0.640488, 0.644436, 0.645579, 0.647612, 0.651721, 0.64829, 0.648216, 0.647696, 0.651037, 0.649023, 0.655451, 0.650011, 0.654428, 0.656626, 0.655425, 0.651875, 0.654887, 0.660022, 0.654814, 0.659597, 0.656586, 0.650479, 0.656734, 0.653737, 0.659455, 0.653621, 0.655384, 0.655455, 0.659702, 0.658191, 0.660664, 0.65859, 0.656357, 0.656215, 0.663413, 0.662442, 0.660906, 0.654034, 0.660149, 0.660024, 0.655803, 0.663837, 0.661357, 0.661707, 0.662595, 0.6574, 0.661768, 0.662782, 0.657301, 0.660759, 0.664662, 0.663512, 0.661554, 0.663123, 0.661898, 0.66528, 0.662922, 0.663022, 0.662118, 0.664154, 0.664761, 0.668788, 0.662434, 0.663798, 0.664294, 0.662727, 0.664976, 0.663792, 0.664254, 0.663194, 0.663476, 0.66388, 0.665742, 0.666594, 0.668986, 0.666408
0.984848, 0, 0.346574, 0.438993, 0.502532, 0.521038, 0.571223, 0.587997, 0.589702, 0.607275, 0.61249, 0.620749, 0.624351, 0.613407, 0.624092, 0.612938, 0.634114, 0.632472, 0.636322, 0.644237, 0.640191, 0.651781, 0.645477, 0.653362, 0.643623, 0.648191, 0.648098, 0.654229, 0.652246, 0.651067, 0.652806, 0.659587, 0.659155, 0.660949, 0.65216, 0.654127, 0.658821, 0.653319, 0.656029, 0.659963, 0.654949, 0.657741, 0.650044, 0.658484, 0.66318, 0.660968, 0.662376, 0.662929, 0.661415, 0.664075, 0.659512, 0.663564, 0.664207, 0.662671, 0.661456, 0.663631, 0.661192, 0.66217, 0.669085, 0.667806, 0.66583, 0.663902, 0.665102, 0.666286, 0.669357, 0.665502, 0.667253, 0.666237, 0.668774, 0.667536, 0.665939, 0.667473, 0.668074, 0.666831, 0.668553, 0.669147, 0.668799, 0.666802, 0.669323, 0.668322, 0.670126, 0.668537, 0.66813, 0.668199, 0.666009, 0.66784, 0.670767, 0.665515, 0.667633, 0.673947, 0.669229, 0.671064, 0.67072, 0.669805, 0.670941, 0.669701, 0.671886, 0.67162, 0.670764, 0.670385, 0.671387
0.989899, 0, 0.346574, 0.462098, 0.51986, 0.545118, 0.572828, 0.590311, 0.59664, 0.611368, 0.621348, 0.627357, 0.625651, 0.618814, 0.635108, 0.633904, 0.644102, 0.644142, 0.650064, 0.640122, 0.655857, 0.64594, 0.650391, 0.656361, 0.649665, 0.6493, 0.661851, 0.660613, 0.660495, 0.660305, 0.65869, 0.654891, 0.663496, 0.663208, 0.661722, 0.656148, 0.666489, 0.664702, 0.665175, 0.663529, 0.666194, 0.664616, 0.663958, 0.665391, 0.660305, 0.668466, 0.664395, 0.672578, 0.665963, 0.669465, 0.668939, 0.670164, 0.669087, 0.670134, 0.667369, 0.669934, 0.672917, 0.671745, 0.670783, 0.671457, 0.671451, 0.66987, 0.673128, 0.66852, 0.67138, 0.673078, 0.673507, 0.670033, 0.673312, 0.671703, 0.674031, 0.673691, 0.675567, 0.673107, 0.673817, 0.672027, 0.67285, 0.673293, 0.673858, 0.674992, 0.675135, 0.673234, 0.674362, 0.673452, 0.675083, 0.674535, 0.674211, 0.673748, 0.67608, 0.674559, 0.673853, 0.672543, 0.675201, 0.676535, 0.675802, 0.675656, 0.673997, 0.674453, 0.674715, 0.675633, 0.675087
0.994949, 0, 0.346574, 0.462098, 0.502532, 0.548764, 0.577623, 0.588905, 0.606504, 0.606745, 0.608033, 0.622484, 0.634216, 0.634647, 0.6407, 0.643098, 0.636358, 0.643111, 0.648771, 0.653908, 0.648126, 0.658678, 0.653683, 0.658193, 0.657425, 0.656967, 0.660064, 0.663717, 0.658955, 0.659955, 0.665675, 0.663587, 0.665102, 0.666361, 0.66822, 0.666963, 0.670605, 0.668556, 0.670502, 0.672044, 0.672647, 0.671233, 0.670166, 0.673556, 0.672234, 0.673073, 0.675074, 0.674505, 0.672262, 0.671655, 0.673182, 0.67368, 0.671826, 0.67508, 0.676604, 0.677324, 0.674187, 0.676176, 0.676012, 0.674667, 0.676627, 0.675495, 0.67546, 0.677167, 0.676825, 0.677117, 0.676259, 0.677362, 0.679317, 0.678252, 0.678079, 0.678392, 0.677283, 0.68013, 0.678812, 0.680656, 0.677741, 0.679235, 0.678659, 0.67937, 0.677251, 0.680128, 0.681396, 0.680498, 0.679965, 0.680515, 0.678325, 0.678788, 0.679917, 0.68006, 0.680472, 0.68126, 0.68081, 0.680573, 0.681917, 0.681892, 0.681088, 0.681781, 0.679815, 0.680915, 0.680759
1, 0, 0.346574, 0.462098, 0.51986, 0.554518, 0.577623, 0.594126, 0.606504, 0.616131, 0.623832, 0.630134, 0.635385, 0.639828, 0.643637, 0.646937, 0.649825, 0.652374, 0.654639, 0.656666, 0.65849, 0.66014, 0.66164, 0.66301, 0.664266, 0.665421, 0.666488, 0.667475, 0.668392, 0.669246, 0.670042, 0.670788, 0.671486, 0.672143, 0.67276, 0.673343, 0.673893, 0.674413, 0.674906, 0.675374, 0.675819, 0.676241, 0.676644, 0.677027, 0.677394, 0.677744, 0.678079, 0.678399, 0.678707, 0.679001, 0.679284, 0.679556, 0.679817, 0.680069, 0.680311, 0.680545, 0.68077, 0.680987, 0.681196, 0.681399, 0.681595, 0.681784, 0.681967, 0.682145, 0.682317, 0.682483, 0.682645, 0.682802, 0.682954, 0.683102, 0.683245, 0.683385, 0.68352, 0.683652, 0.68378, 0.683905, 0.684027, 0.684145, 0.684261, 0.684373, 0.684483, 0.68459, 0.684694, 0.684796, 0.684895, 0.684993, 0.685087, 0.68518, 0.685271, 0.685359, 0.685446, 0.68553, 0.685613, 0.685694, 0.685773, 0.685851, 0.685927, 0.686001, 0.686074, 0.686146, 0.686216
