0, 1, 2, 3, 4, 5, 6, 7, 8, 9, 10, 11, 12, 13, 14, 15, 16, 17, 18, 19, 20, 21, 22, 23, 24, 25, 26, 27, 28, 29, 30, 31, 32, 33, 34, 35, 36, 37, 38, 39, 40, 41, 42, 43, 44, 45, 46, 47, 48, 49, 50, 51, 52, 53, 54, 55, 56, 57, 58, 59, 60, 61, 62, 63, 64, 65, 66, 67, 68, 69, 70, 71, 72, 73, 74, 75, 76, 77, 78, 79, 80, 81, 82, 83, 84, 85, 86, 87, 88, 89, 90, 91, 92, 93, 94, 95, 96, 97, 98, 99, 100
0.5, 0, 0.346574, 0.331321, 0.229279, 0.179038, 0.197057, 0.200471, 0.129168, 0.171138, 0.127122, 0.153715, 0.140194, 0, 0.169861, 0.184839, 0.121619, 0.14288, 0.158395, 0, 0.179233, 0.0523149, 0.209507, 0, 0.0602161, 0, 0.053319, 0.128361, 0, 0, 0, 0, 0, 0, 0, 0, 0, 0, 0, 0, 0, 0, 0, 0, 0, 0, 0, 0, 0, 0, 0, 0, 0, 0, 0, 0, 0, 0, 0, 0, 0, 0, 0, 0, 0, 0, 0, 0, 0, 0, 0, 0, 0, 0, 0, 0, 0, 0, 0, 0, 0, 0, 0, 0, 0, 0, 0, 0, 0, 0, 0, 0, 0, 0, 0, 0, 0, 0, 0, 0, 0
0.505051, 0, 0.346574, 0.329485, 0.292883, 0.253207, 0.159129, 0.2497, 0.180085, 0.190998, 0.188776, 0.251576, 0.136258, 0.14336, 0.13939, 0.105935, 0, 0.174314, 0.140001, 0, 0.107602, 0.18467, 0.11295, 0.0779026, 0, 0.177233, 0.143757, 0, 0, 0.0956065, 0.230524, 0, 0.0719558, 0, 0, 0, 0, 0, 0, 0, 0, 0, 0, 0, 0, 0, 0, 0, 0, 0, 0, 0, 0, 0, 0, 0, 0, 0, 0, 0, 0, 0, 0, 0, 0, 0, 0, 0, 0, 0, 0, 0, 0, 0, 0, 0, 0, 0, 0, 0, 0, 0, 0, 0, 0, 0, 0, 0, 0, 0, 0, 0, 0, 0, 0, 0, 0, 0, 0, 0, 0
0.510101, 0, 0.346574, 0.285111, 0.270484, 0.227411, 0.229282, 0.18447, 0.12731, 0.225336, 0.169433, 0.16977, 0.174987, 0.144843, 0.201746, 0.202968, 0.141373, 0.155524, 0, 0.13527, 0.144519, 0.116789, 0.0709414, 0, 0, 0.160127, 0, 0, 0.163012, 0, 0, 0, 0, 0, 0, 0, 0.162561, 0, 0, 0, 0, 0, 0, 0, 0, 0, 0, 0, 0.08065, 0, 0, 0, 0, 0, 0, 0, 0, 0, 0, 0, 0, 0, 0, 0, 0, 0, 0, 0, 0, 0, 0, 0, 0, 0, 0, 0, 0, 0, 0, 0, 0, 0, 0, 0, 0, 0, 0, 0, 0, 0, 0, 0, 0, 0, 0, 0, 0, 0, 0, 0, 0
0.515152, 0, 0.346574, 0.2898, 0.242742, 0.183971, 0.161103, 0.172316, 0.193728, 0.189424, 0.221878, 0.133311, 0.1613, 0.141895, 0.134929, 0.16566, 0.114109, 0.17622, 0.13805, 0.130785, 0, 0.11515, 0.166391, 0, 0.149313, 0.0277259, 0, 0, 0.194585, 0.204563, 0, 0.181767, 0.156996, 0, 0, 0, 0, 0.248035, 0, 0, 0, 0, 0, 0, 0, 0, 0, 0, 0, 0, 0, 0, 0, 0, 0, 0, 0, 0, 0, 0, 0, 0, 0, 0, 0, 0, 0, 0, 0, 0, 0, 0, 0, 0, 0, 0, 0, 0, 0, 0, 0, 0, 0, 0, 0, 0, 0, 0, 0, 0, 0, 0, 0, 0, 0, 0, 0, 0, 0, 0, 0
0.520202, 0, 0.346574, 0.322372, 0.215523, 0.26437, 0.22707, 0.21241, 0.177077, 0.161867, 0.17212, 0.123896, 0.139782, 0.153184, 0.134832, 0.206088, 0.127948, 0.145222, 0.301099, 0.185451, 0, 0.149799, 0.13617, 0.122973, 0.105733, 0.145503, 0.216723, 0, 0.163012, 0.109588, 0.161209, 0.137048, 0, 0, 0, 0, 0, 0, 0, 0, 0, 0, 0, 0, 0, 0, 0, 0, 0, 0, 0, 0, 0, 0, 0, 0, 0, 0, 0, 0, 0, 0, 0, 0, 0, 0, 0, 0, 0, 0, 0, 0, 0, 0, 0, 0, 0, 0, 0, 0, 0, 0, 0, 0, 0, 0, 0, 0, 0, 0, 0, 0, 0, 0, 0, 0, 0, 0, 0, 0, 0
0.525253, 0, 0.346574, 0.295673, 0.225179, 0.241105, 0.259393, 0.245899, 0.149228, 0.156214, 0.121338, 0.129722, 0.208064, 0.240141, 0.130705, 0.182322, 0.195032, 0.113859, 0.0770164, 0.147295, 0.116898, 0.159134, 0.126027, 0.116854, 0.120143, 0.167586, 0, 0.124426, 0.126765, 0.147471, 0.16566, 0, 0, 0, 0, 0, 0, 0, 0, 0, 0, 0, 0, 0, 0, 0, 0, 0, 0, 0, 0, 0, 0, 0, 0, 0, 0, 0, 0, 0, 0, 0, 0, 0, 0, 0, 0, 0, 0, 0, 0, 0, 0, 0, 0, 0, 0, 0, 0, 0, 0, 0, 0, 0, 0, 0, 0, 0, 0, 0, 0, 0, 0, 0, 0, 0, 0, 0, 0, 0, 0
0.530303, 0, 0.346574, 0.276101, 0.272286, 0.202224, 0.251905, 0.227504, 0.162046, 0.210955, 0.175811, 0.143192, 0.166201, 0.150402, 0.149989, 0.158354, 0.169432, 0.141937, 0.121723, 0.153487, 0, 0.251625, 0.122165, 0.102163, 0.0975444, 0.127122, 0.109688, 0, 0, 0.0757664, 0, 0, 0.0433217, 0, 0, 0, 0, 0, 0, 0.193848, 0, 0, 0, 0, 0, 0, 0, 0, 0, 0, 0, 0, 0, 0, 0, 0, 0, 0, 0, 0, 0, 0, 0, 0, 0, 0, 0, 0, 0, 0.115742, 0, 0, 0, 0, 0, 0, 0, 0, 0, 0, 0, 0, 0, 0, 0, 0, 0, 0, 0, 0, 0, 0, 0, 0, 0, 0, 0, 0, 0, 0, 0
0.535354, 0, 0.346574, 0.267669, 0.249001, 0.228686, 0.210278, 0.202228, 0.174216, 0.195214, 0.206054, 0.162746, 0.1613, 0.158366, 0.230637, 0.131973, 0.0993142, 0.108679, 0.134779, 0.125987, 0.148362, 0.19216, 0.13217, 0.123547, 0, 0.0831777, 0.0799785, 0, 0.201242, 0.109588, 0.0963457, 0.0952917, 0.199904, 0.124071, 0.203075, 0.232514, 0, 0, 0, 0, 0, 0, 0, 0, 0, 0, 0, 0, 0, 0, 0, 0, 0.165129, 0.09033, 0, 0, 0, 0, 0, 0, 0, 0, 0, 0, 0, 0, 0, 0, 0, 0, 0, 0, 0, 0, 0, 0, 0, 0, 0, 0, 0, 0, 0, 0, 0, 0, 0, 0, 0, 0, 0, 0, 0, 0, 0, 0, 0, 0, 0, 0, 0
0.540404, 0, 0.346574, 0.26455, 0.236668, 0.197279, 0.220693, 0.240461, 0.185643, 0.164333, 0.182693, 0.178394, 0.195713, 0.219503, 0.151336, 0.186763, 0.131309, 0.182285, 0.122876, 0.136756, 0.246363, 0.166364, 0.160679, 0, 0.128621, 0.115615, 0.152449, 0.159069, 0, 0.130346, 0, 0, 0, 0, 0, 0.167532, 0.182445, 0.255174, 0, 0, 0, 0, 0, 0, 0, 0, 0, 0.151891, 0, 0, 0, 0, 0, 0, 0, 0, 0.0392362, 0, 0, 0, 0, 0, 0, 0, 0, 0, 0, 0, 0, 0, 0, 0, 0, 0, 0, 0, 0, 0, 0, 0, 0, 0, 0, 0, 0, 0, 0, 0, 0, 0, 0, 0, 0, 0, 0, 0, 0, 0, 0, 0, 0
0.545455, 0, 0.346574, 0.288937, 0.228217, 0.238603, 0.198633, 0.212521, 0.248173, 0.206366, 0.168111, 0.184242, 0.213962, 0.169235, 0.16786, 0.154442, 0.165664, 0.162496, 0.176813, 0.166773, 0.119687, 0.143517, 0.148331, 0.101755, 0.0746566, 0.120855, 0.280027, 0.0406893, 0.121471, 0.174833, 0.16346, 0.0782586, 0.155307, 0.199133, 0.132282, 0, 0.0802881, 0, 0, 0, 0, 0.112321, 0.140145, 0, 0, 0, 0, 0, 0, 0, 0, 0.139808, 0, 0, 0, 0, 0, 0, 0, 0, 0, 0, 0, 0, 0, 0, 0, 0, 0, 0, 0, 0, 0, 0, 0, 0, 0, 0, 0, 0, 0, 0, 0, 0, 0, 0, 0, 0, 0, 0, 0, 0, 0, 0, 0, 0, 0, 0, 0, 0, 0
0.550505, 0, 0.346574, 0.322411, 0.27964, 0.244653, 0.24045, 0.180301, 0.157615, 0.184627, 0.169793, 0.159462, 0.156494, 0.171231, 0.179504, 0.191474, 0.169118, 0.1703, 0.140274, 0.157305, 0.10114, 0.158629, 0.105578, 0.156996, 0.156974, 0.0277259, 0.132295, 0.144511, 0.0887467, 0.091558, 0.171949, 0.158163, 0.21757, 0.138548, 0.170196, 0.145477, 0.234321, 0, 0.196197, 0, 0, 0.0392546, 0.186048, 0, 0, 0, 0, 0, 0, 0, 0, 0, 0, 0, 0, 0, 0, 0, 0, 0, 0, 0, 0, 0, 0, 0, 0, 0, 0.195899, 0, 0, 0, 0, 0, 0, 0, 0, 0, 0, 0, 0, 0, 0, 0, 0, 0, 0, 0, 0, 0, 0, 0, 0, 0, 0, 0, 0, 0, 0, 0, 0
0.555556, 0, 0.346574, 0.280843, 0.258988, 0.233974, 0.214166, 0.186309, 0.19056, 0.193942, 0.219151, 0.186235, 0.142266, 0.226933, 0.174058, 0.126001, 0.165965, 0.134646, 0.182806, 0.168282, 0.153921, 0.251256, 0.20859, 0.18436, 0.101493, 0.150209, 0.173657, 0.23873, 0.177438, 0.21231, 0.16566, 0.13214, 0.155307, 0.064798, 0, 0.12189, 0.141322, 0.176945, 0.136388, 0.165323, 0.248949, 0.185362, 0.174905, 0.183626, 0.138745, 0, 0, 0, 0, 0, 0, 0.144784, 0, 0, 0, 0, 0, 0.138962, 0, 0, 0, 0, 0, 0, 0, 0, 0, 0, 0, 0, 0, 0, 0, 0, 0, 0, 0, 0, 0, 0, 0, 0, 0, 0, 0, 0, 0, 0, 0, 0, 0, 0, 0, 0, 0, 0, 0, 0, 0, 0, 0
0.560606, 0, 0.346574, 0.316245, 0.291864, 0.205151, 0.225383, 0.221544, 0.170973, 0.220301, 0.175767, 0.173876, 0.193725, 0.119895, 0.178077, 0.169178, 0.119299, 0.146884, 0.156298, 0.189267, 0.192484, 0.174455, 0.161138, 0.150853, 0.140609, 0.160115, 0.191765, 0.120461, 0.191068, 0.161594, 0.109723, 0.170776, 0.143597, 0.203141, 0.0881098, 0.230952, 0, 0.218468, 0, 0, 0, 0.198041, 0.166291, 0.173204, 0, 0, 0.115659, 0, 0.290352, 0, 0.148171, 0, 0, 0.115185, 0.174811, 0, 0, 0, 0.20812, 0, 0.135798, 0, 0, 0, 0, 0, 0, 0, 0, 0, 0, 0, 0, 0, 0, 0.106207, 0, 0, 0, 0.161159, 0, 0, 0, 0, 0, 0, 0, 0, 0, 0, 0, 0, 0, 0, 0, 0, 0, 0, 0, 0, 0
0.565657, 0, 0.346574, 0.27639, 0.281875, 0.266695, 0.23618, 0.142316, 0.215485, 0.209771, 0.21162, 0.225286, 0.148744, 0.193692, 0.158752, 0.142218, 0.157589, 0.158764, 0.152953, 0.161787, 0.142164, 0.165817, 0.189886, 0.199488, 0.110697, 0.153149, 0.123803, 0.0933343, 0.167591, 0.150982, 0.141617, 0.161278, 0.212575, 0.137818, 0.149635, 0.220858, 0.153617, 0.223396, 0, 0.186516, 0.246567, 0, 0, 0, 0.131973, 0, 0, 0.193628, 0.184236, 0.219979, 0, 0.13258, 0.125197, 0, 0, 0, 0, 0.131695, 0, 0, 0, 0, 0, 0, 0, 0, 0, 0, 0, 0, 0, 0, 0, 0, 0, 0, 0, 0, 0, 0, 0, 0, 0, 0, 0, 0, 0, 0, 0, 0, 0, 0, 0, 0, 0, 0, 0, 0, 0, 0, 0
0.570707, 0, 0.346574, 0.279247, 0.236193, 0.272564, 0.222892, 0.230161, 0.23344, 0.17487, 0.223062, 0.163571, 0.147591, 0.173887, 0.177987, 0.230862, 0.196437, 0.126711, 0.183427, 0.174737, 0.197504, 0.163902, 0.180352, 0.184021, 0.136641, 0.213653, 0.113, 0.182701, 0.212523, 0.127203, 0, 0.207186, 0.166798, 0, 0.184145, 0.187174, 0.201003, 0.19995, 0.230368, 0.220578, 0, 0.210465, 0.141881, 0, 0.122165, 0.208903, 0.143267, 0, 0, 0.22809, 0, 0, 0, 0.0367153, 0, 0, 0, 0, 0, 0, 0, 0.0831996, 0, 0, 0, 0, 0, 0, 0, 0, 0.196129, 0, 0.151959, 0, 0, 0, 0, 0, 0, 0, 0, 0, 0, 0, 0, 0, 0, 0, 0, 0, 0, 0, 0, 0, 0, 0, 0, 0, 0, 0, 0
0.575758, 0, 0.346574, 0.271158, 0.242713, 0.208687, 0.189086, 0.226241, 0.211072, 0.163382, 0.203265, 0.199545, 0.20674, 0.192031, 0.176997, 0.198468, 0.156257, 0.179673, 0.177279, 0.167368, 0.234709, 0.115494, 0.176848, 0.198072, 0.144028, 0.149725, 0.144813, 0.159178, 0.210799, 0.213415, 0.160892, 0.19038, 0.198628, 0.212285, 0.121533, 0.195806, 0, 0.123275, 0.152845, 0.154375, 0, 0.193325, 0.225577, 0.221634, 0, 0, 0.210712, 0, 0, 0.0894291, 0.169021, 0, 0.172285, 0.242611, 0, 0, 0, 0, 0, 0.126351, 0, 0, 0.175095, 0, 0, 0, 0, 0, 0, 0, 0, 0, 0, 0, 0, 0, 0, 0, 0, 0.213363, 0, 0.187326, 0, 0, 0, 0, 0, 0, 0, 0, 0, 0, 0, 0, 0, 0, 0, 0, 0, 0, 0
0.580808, 0, 0.346574, 0.251322, 0.291963, 0.259714, 0.236095, 0.252652, 0.198395, 0.184058, 0.227448, 0.177701, 0.175902, 0.189526, 0.13807, 0.17289, 0.145773, 0.178972, 0.152496, 0.210528, 0.141027, 0.149957, 0.138134, 0.133757, 0.188146, 0.181064, 0.099472, 0.132723, 0.157308, 0.18982, 0.183368, 0.143647, 0.213934, 0.197772, 0.179516, 0.166077, 0.194202, 0.176014, 0, 0.126604, 0, 0.082956, 0.24498, 0.246619, 0.180133, 0, 0.217609, 0.0932346, 0.196944, 0, 0, 0, 0, 0, 0.184741, 0, 0.166405, 0, 0, 0.177389, 0.089588, 0, 0, 0, 0, 0, 0, 0, 0, 0.142117, 0.164584, 0.218181, 0.17817, 0, 0, 0, 0, 0, 0, 0, 0, 0, 0, 0, 0, 0, 0, 0, 0, 0, 0, 0, 0.134743, 0, 0, 0, 0, 0, 0, 0, 0
0.585859, 0, 0.346574, 0.313532, 0.273395, 0.254962, 0.204918, 0.187459, 0.224742, 0.20082, 0.238464, 0.235889, 0.241945, 0.162403, 0.208395, 0.177689, 0.163641, 0.201537, 0.173465, 0.153949, 0.172711, 0.162845, 0.184301, 0.132601, 0.187545, 0.199361, 0.172897, 0.135555, 0.14662, 0.166255, 0.173221, 0.162348, 0.176316, 0.210045, 0.162994, 0.132828, 0.113362, 0.174282, 0.0889681, 0.109658, 0.163025, 0, 0, 0.17442, 0.165892, 0.147277, 0.146023, 0.0676182, 0, 0, 0.203255, 0.165403, 0.114454, 0, 0, 0, 0.123316, 0.165108, 0.211852, 0.165842, 0, 0.117183, 0, 0, 0, 0, 0.125049, 0, 0.0878127, 0.173374, 0, 0, 0, 0, 0, 0.148761, 0, 0, 0.118061, 0, 0, 0, 0.155846, 0, 0.199626, 0, 0, 0, 0, 0, 0, 0, 0, 0, 0, 0, 0, 0, 0, 0, 0
0.590909, 0, 0.346574, 0.276928, 0.237609, 0.232892, 0.218885, 0.229426, 0.234104, 0.197595, 0.201265, 0.175148, 0.213745, 0.16828, 0.212836, 0.205474, 0.215566, 0.197928, 0.204909, 0.222641, 0.183949, 0.198175, 0.182216, 0.144841, 0.154419, 0.188189, 0.179263, 0.146071, 0.193706, 0.201354, 0.135258, 0.180467, 0.157873, 0.223081, 0.180432, 0.172324, 0.164181, 0.15352, 0.161725, 0.151415, 0.151954, 0.184695, 0.149734, 0.18288, 0.107354, 0.217736, 0.144088, 0.226595, 0.21369, 0.147017, 0.149845, 0.0838562, 0, 0, 0.203713, 0, 0.207663, 0, 0.136147, 0.153512, 0, 0.15524, 0.154027, 0, 0, 0.105057, 0, 0.174144, 0.229819, 0, 0, 0, 0, 0, 0, 0, 0, 0, 0, 0, 0, 0, 0, 0, 0, 0.158473, 0, 0, 0.194946, 0, 0, 0, 0, 0, 0, 0.125143, 0, 0, 0, 0, 0
0.59596, 0, 0.346574, 0.31338, 0.296342, 0.265818, 0.262582, 0.24434, 0.212339, 0.204893, 0.194521, 0.22415, 0.197416, 0.192049, 0.177979, 0.201472, 0.182861, 0.200684, 0.19615, 0.202204, 0.166036, 0.218953, 0.178102, 0.199996, 0.214983, 0.212845, 0.197425, 0.178218, 0.198232, 0.148033, 0.121253, 0.177247, 0.193408, 0.155763, 0.189734, 0.175926, 0.204121, 0.136464, 0.204468, 0.17552, 0.186422, 0.19933, 0.1781, 0.184364, 0.13617, 0.171089, 0.215293, 0.194132, 0.1412, 0.159706, 0.178076, 0, 0, 0.1568, 0.188518, 0, 0, 0, 0.245625, 0, 0.15762, 0.128855, 0.216868, 0, 0.185333, 0, 0, 0.221754, 0, 0.186399, 0, 0, 0.184234, 0.188069, 0.222232, 0, 0.193913, 0, 0, 0, 0, 0, 0.201256, 0, 0, 0, 0, 0, 0, 0, 0, 0, 0, 0, 0.17144, 0, 0, 0.2021, 0, 0, 0
0.60101, 0, 0.346574, 0.314048, 0.249544, 0.295107, 0.238521, 0.205557, 0.244626, 0.212634, 0.198386, 0.208613, 0.174064, 0.19206, 0.19468, 0.204093, 0.181053, 0.178674, 0.218409, 0.174389, 0.207841, 0.208509, 0.178748, 0.28886, 0.212022, 0.197669, 0.154693, 0.166874, 0.189944, 0.197301, 0.192079, 0.16834, 0.165903, 0.172945, 0.20941, 0.201184, 0.165159, 0.178081, 0.184718, 0.133512, 0.154547, 0.168799, 0.197619, 0.169401, 0, 0.176764, 0.177333, 0.14119, 0.230814, 0.21264, 0.194597, 0.168889, 0.184413, 0, 0.208784, 0.258611, 0.153679, 0.151907, 0, 0, 0.183501, 0.227163, 0.214854, 0.185548, 0.192181, 0, 0.1641, 0, 0.162483, 0, 0.148522, 0, 0.177257, 0.159718, 0.0927964, 0.11918, 0, 0, 0, 0, 0, 0, 0, 0, 0.204037, 0, 0, 0, 0, 0, 0.179436, 0, 0.143769, 0, 0.151999, 0, 0, 0, 0, 0, 0.158666
0.606061, 0, 0.346574, 0.325264, 0.306313, 0.223558, 0.250475, 0.251679, 0.228567, 0.276414, 0.227855, 0.15987, 0.196336, 0.205432, 0.221608, 0.188131, 0.21206, 0.188875, 0.212448, 0.230224, 0.194095, 0.192158, 0.222594, 0.189455, 0.202812, 0.197467, 0.209168, 0.20661, 0.20955, 0.187215, 0.199288, 0.196618, 0.173437, 0.187073, 0.200917, 0.198503, 0.186566, 0.188735, 0.202275, 0.185196, 0.174525, 0.226994, 0.162218, 0.199795, 0.193048, 0.153188, 0.170595, 0.175753, 0.185075, 0.153763, 0.157072, 0.164309, 0.169038, 0, 0.180781, 0.196939, 0.17796, 0.201274, 0.181481, 0.161462, 0.127168, 0.181394, 0.175662, 0.207628, 0.123384, 0.261926, 0.207902, 0.126695, 0.21261, 0.200951, 0, 0.208896, 0, 0, 0, 0.179741, 0, 0.150417, 0, 0.215365, 0.203878, 0, 0, 0, 0.130753, 0, 0, 0, 0, 0, 0.129494, 0, 0, 0, 0, 0.138129, 0, 0, 0, 0, 0
0.611111, 0, 0.346574, 0.301473, 0.248584, 0.286134, 0.246981, 0.265067, 0.231045, 0.234301, 0.218198, 0.231577, 0.208932, 0.222584, 0.218362, 0.221443, 0.205526, 0.175764, 0.201306, 0.192003, 0.184478, 0.229112, 0.174831, 0.210652, 0.217238, 0.145158, 0.206963, 0.206134, 0.195345, 0.209907, 0.207791, 0.216824, 0.201825, 0.160797, 0.195686, 0.190595, 0.166981, 0.192509, 0.163838, 0.181738, 0.190237, 0.17112, 0.177614, 0.167016, 0.176731, 0.204842, 0.172486, 0.167892, 0.198794, 0.169061, 0.208429, 0.181708, 0.231119, 0.171022, 0.177957, 0.168292, 0.164031, 0.192027, 0, 0.217276, 0.252333, 0.202402, 0.217078, 0.214704, 0.147204, 0.191241, 0.18091, 0.235349, 0, 0.127722, 0.131019, 0.145392, 0.166602, 0.183557, 0.12921, 0.252732, 0.127536, 0.133638, 0, 0, 0, 0, 0.122687, 0.14758, 0, 0.155028, 0, 0.195048, 0.201276, 0, 0.198882, 0.181678, 0, 0, 0, 0, 0, 0, 0, 0, 0
0.616162, 0, 0.346574, 0.316834, 0.258305, 0.287864, 0.266282, 0.261682, 0.205809, 0.232049, 0.237974, 0.25001, 0.226585, 0.231902, 0.209371, 0.199926, 0.216924, 0.210236, 0.229149, 0.204185, 0.214616, 0.151613, 0.207307, 0.201622, 0.212808, 0.196751, 0.199687, 0.179955, 0.181989, 0.177028, 0.148528, 0.1969, 0.170666, 0.21405, 0.197865, 0.220222, 0.187505, 0.210919, 0.191087, 0.162501, 0.212552, 0.213869, 0.215136, 0.172245, 0.199769, 0.173722, 0.172069, 0.179178, 0.199334, 0.172153, 0.171028, 0.197677, 0.196769, 0.217859, 0.184513, 0.227986, 0.153847, 0.151236, 0.165651, 0.177193, 0.0924196, 0, 0.105004, 0, 0.240553, 0.183299, 0.225781, 0.23724, 0.118141, 0.138947, 0, 0.211954, 0.174933, 0, 0.100359, 0.176458, 0.203895, 0, 0.188572, 0.190257, 0.202093, 0.17631, 0.24144, 0, 0, 0.167218, 0.248942, 0.227803, 0.302214, 0.192168, 0, 0, 0, 0.211562, 0, 0, 0.209168, 0, 0, 0.197163, 0.201877
0.621212, 0, 0.346574, 0.317805, 0.276941, 0.267403, 0.26554, 0.254001, 0.230569, 0.240716, 0.212711, 0.231409, 0.210214, 0.195648, 0.206698, 0.206581, 0.150831, 0.199612, 0.196952, 0.199288, 0.21587, 0.190088, 0.200922, 0.211575, 0.191622, 0.174894, 0.215219, 0.203797, 0.203842, 0.207166, 0.195071, 0.200736, 0.180694, 0.194324, 0.181087, 0.195412, 0.193042, 0.152972, 0.189686, 0.216526, 0.216436, 0.19626, 0.195292, 0.205217, 0.233397, 0.196477, 0.228736, 0.213883, 0.181355, 0.196204, 0.198277, 0.1835, 0.197409, 0.232745, 0.188221, 0.207969, 0.221422, 0.169133, 0.174053, 0.207419, 0.182646, 0.175218, 0.220251, 0.228982, 0.176898, 0.213875, 0.145317, 0.185361, 0.176755, 0.234026, 0.18005, 0.22213, 0.217052, 0.177761, 0.252303, 0.16477, 0.181635, 0.122086, 0.185542, 0.248473, 0, 0, 0.253248, 0.137876, 0, 0, 0.202461, 0, 0.197453, 0.19057, 0, 0, 0.171903, 0, 0, 0.186206, 0.195543, 0.195212, 0.186023, 0, 0.211332
0.626263, 0, 0.346574, 0.287388, 0.290159, 0.285122, 0.257008, 0.260621, 0.211321, 0.228838, 0.228425, 0.24678, 0.215955, 0.204091, 0.173254, 0.201058, 0.220055, 0.179531, 0.223485, 0.205758, 0.216426, 0.224117, 0.218073, 0.216509, 0.218227, 0.22572, 0.197007, 0.204099, 0.206551, 0.218323, 0.203221, 0.202793, 0.192851, 0.241974, 0.162408, 0.197763, 0.195564, 0.226434, 0.250027, 0.229615, 0.239277, 0.162402, 0.234828, 0.190052, 0.207259, 0.216291, 0.214494, 0.230158, 0.225428, 0.208238, 0.194944, 0.206005, 0.192214, 0.207889, 0.19108, 0.225553, 0.236752, 0.220406, 0, 0.218343, 0.214591, 0.194135, 0.204237, 0.181086, 0.219568, 0.202663, 0.177467, 0.197875, 0.22924, 0.142675, 0.250459, 0.174293, 0, 0.267654, 0.239146, 0.137019, 0.0939325, 0.198778, 0.140205, 0.21625, 0.21187, 0.180125, 0.178443, 0.221728, 0.148855, 0.154993, 0.23681, 0.184572, 0.202664, 0.177718, 0.172645, 0.126913, 0.225944, 0.236932, 0.184187, 0.218778, 0, 0, 0.243511, 0.158617, 0.187431
0.631313, 0, 0.346574, 0.30816, 0.256755, 0.249456, 0.247631, 0.239697, 0.238766, 0.237069, 0.256731, 0.218947, 0.208557, 0.246519, 0.201439, 0.177869, 0.20403, 0.210626, 0.235073, 0.232547, 0.196024, 0.237158, 0.213892, 0.261327, 0.189999, 0.20555, 0.209698, 0.213652, 0.214449, 0.226821, 0.189917, 0.212424, 0.226611, 0.200336, 0.173635, 0.168858, 0.187578, 0.210606, 0.222331, 0.193345, 0.175834, 0.211227, 0.196906, 0.213797, 0.150429, 0.233156, 0.204506, 0.207998, 0.243658, 0.207064, 0.199727, 0.221335, 0.21523, 0.188598, 0.197664, 0.187869, 0.148325, 0.175062, 0.20782, 0.201624, 0.23053, 0.195216, 0.177645, 0.202273, 0.196705, 0.23149, 0.209904, 0.29689, 0.181993, 0.215382, 0.214247, 0.193358, 0.196203, 0.164653, 0.210007, 0.225275, 0.219631, 0.248011, 0.17032, 0.201689, 0.163113, 0, 0.203775, 0.247723, 0.189292, 0.201522, 0.286786, 0.203317, 0, 0.250872, 0.221051, 0.212395, 0.215166, 0.284722, 0.259322, 0.193228, 0, 0, 0, 0, 0
0.636364, 0, 0.346574, 0.319175, 0.25087, 0.242645, 0.279616, 0.251647, 0.22906, 0.18885, 0.257412, 0.232203, 0.253941, 0.219522, 0.210658, 0.249023, 0.232669, 0.270419, 0.220333, 0.2576, 0.226571, 0.208418, 0.227009, 0.22031, 0.177505, 0.241407, 0.182276, 0.196748, 0.223703, 0.211183, 0.180317, 0.253998, 0.21931, 0.220001, 0.199506, 0.183528, 0.188239, 0.225945, 0.238179, 0.229356, 0.224093, 0.190629, 0.23875, 0.178599, 0.217747, 0.212519, 0.186411, 0.200679, 0.2064, 0.22308, 0.209224, 0.192511, 0.20226, 0.22943, 0.238692, 0.212574, 0.217899, 0.180058, 0.21058, 0.180616, 0.207446, 0.201182, 0.19362, 0.193139, 0.201769, 0.186424, 0.240473, 0.206636, 0.206894, 0.228548, 0.263403, 0.177898, 0.232876, 0.210062, 0.214985, 0.181401, 0.184707, 0.20162, 0.205396, 0.175407, 0.182511, 0.189049, 0.213332, 0.208907, 0.181293, 0.178533, 0.205486, 0.231133, 0.191002, 0.222996, 0.216941, 0.20506, 0.208879, 0.176706, 0.233166, 0.199743, 0.195805, 0.190746, 0.168431, 0.226187, 0.0989888
0.641414, 0, 0.346574, 0.292235, 0.27313, 0.249917, 0.261877, 0.268719, 0.234139, 0.261349, 0.24709, 0.2173, 0.218146, 0.23251, 0.2372, 0.229838, 0.236683, 0.219716, 0.238635, 0.211087, 0.211588, 0.211434, 0.241947, 0.222889, 0.203278, 0.201003, 0.220485, 0.245303, 0.23873, 0.220607, 0.234766, 0.209987, 0.242505, 0.173257, 0.207381, 0.235311, 0.211859, 0.209487, 0.224958, 0.223574, 0.221591, 0.246406, 0.201886, 0.237175, 0.225901, 0.217205, 0.213227, 0.222541, 0.171948, 0.229795, 0.200361, 0.239361, 0.2419, 0.205669, 0.175772, 0.20235, 0.224695, 0.21932, 0.205519, 0.199883, 0.226082, 0.221013, 0.235236, 0.190683, 0.180654, 0.214921, 0.226792, 0.19844, 0.222458, 0.197399, 0.228755, 0.199744, 0.204708, 0.174835, 0.200765, 0.233303, 0.210921, 0.238905, 0.232546, 0.216196, 0.198577, 0.253677, 0.203347, 0.190704, 0.228738, 0.237501, 0.198774, 0.199275, 0.246206, 0.182406, 0.205205, 0.188428, 0.188148, 0.253853, 0.212248, 0.20583, 0.199155, 0.154877, 0.196532, 0.198903, 0.196538
0.646465, 0, 0.346574, 0.308145, 0.298694, 0.246781, 0.26499, 0.240449, 0.266848, 0.240677, 0.270151, 0.222957, 0.229271, 0.259154, 0.226819, 0.222373, 0.236056, 0.243013, 0.239236, 0.233385, 0.254291, 0.239339, 0.243381, 0.21685, 0.239948, 0.208289, 0.211621, 0.224128, 0.22386, 0.219053, 0.232272, 0.234645, 0.230023, 0.22223, 0.241767, 0.22239, 0.209604, 0.226938, 0.199162, 0.246554, 0.216816, 0.21736, 0.196688, 0.231392, 0.21817, 0.230392, 0.213034, 0.223731, 0.215615, 0.203952, 0.202595, 0.209877, 0.222297, 0.247276, 0.199964, 0.24644, 0.204342, 0.216521, 0.213746, 0.234368, 0.234784, 0.210346, 0.208527, 0.225205, 0.201618, 0.22522, 0.214714, 0.200423, 0.210838, 0.181799, 0.21512, 0.231325, 0.221136, 0.193603, 0.200973, 0.218576, 0.240058, 0.228176, 0.223604, 0.227721, 0.205035, 0.233119, 0.199602, 0.232206, 0.193074, 0.220104, 0.213852, 0.202258, 0.251372, 0.19972, 0.207487, 0.206257, 0.237436, 0.217472, 0.280509, 0.217031, 0.178307, 0.228449, 0.214988, 0.225546, 0.186112
0.651515, 0, 0.346574, 0.289419, 0.289478, 0.290047, 0.313621, 0.245393, 0.245788, 0.246068, 0.235539, 0.244508, 0.230488, 0.262208, 0.21624, 0.262758, 0.188369, 0.249455, 0.226349, 0.242375, 0.19319, 0.230687, 0.23402, 0.243155, 0.248818, 0.225426, 0.226856, 0.212447, 0.216323, 0.229928, 0.214705, 0.223204, 0.226362, 0.226929, 0.234762, 0.225403, 0.20505, 0.23821, 0.197737, 0.222448, 0.231007, 0.21472, 0.233576, 0.240459, 0.240756, 0.246263, 0.202757, 0.201045, 0.207031, 0.241028, 0.228998, 0.220552, 0.217898, 0.204053, 0.238163, 0.23421, 0.22725, 0.215583, 0.211274, 0.214149, 0.230778, 0.200531, 0.241734, 0.215022, 0.215744, 0.26407, 0.190183, 0.195194, 0.228215, 0.1978, 0.22754, 0.217902, 0.223039, 0.254384, 0.227139, 0.223855, 0.204471, 0.216983, 0.225995, 0.211528, 0.248738, 0.242644, 0.224044, 0.198889, 0.211134, 0.23399, 0.216136, 0.210107, 0.236224, 0.230157, 0.225194, 0.189175, 0.195083, 0.22315, 0.202785, 0.204331, 0.234935, 0.207688, 0.218407, 0.200851, 0.202567
0.656566, 0, 0.346574, 0.326834, 0.289677, 0.287196, 0.278781, 0.265633, 0.27187, 0.253488, 0.245197, 0.247049, 0.247357, 0.247595, 0.238835, 0.222088, 0.247204, 0.218522, 0.25342, 0.239326, 0.239522, 0.247244, 0.228624, 0.2477, 0.218004, 0.246108, 0.223767, 0.23039, 0.261484, 0.254145, 0.195939, 0.234463, 0.226469, 0.238929, 0.229366, 0.228131, 0.230688, 0.208704, 0.243381, 0.226915, 0.233991, 0.243066, 0.210709, 0.207792, 0.20946, 0.225607, 0.236286, 0.207114, 0.240439, 0.210013, 0.241837, 0.241284, 0.242831, 0.225587, 0.209791, 0.228965, 0.257966, 0.257195, 0.252627, 0.229819, 0.221861, 0.22405, 0.214627, 0.262236, 0.204473, 0.218062, 0.224276, 0.206771, 0.23614, 0.261775, 0.2167, 0.215299, 0.228799, 0.225833, 0.2176, 0.220521, 0.242344, 0.239273, 0.225265, 0.256055, 0.238706, 0.219085, 0.189212, 0.228222, 0.212005, 0.231704, 0.198742, 0.201435, 0.226467, 0.211175, 0.233658, 0.257168, 0.232197, 0.223021, 0.210541, 0.2379, 0.204392, 0.226122, 0.243191, 0.202669, 0.237058
0.661616, 0, 0.346574, 0.33027, 0.292913, 0.316055, 0.255898, 0.265311, 0.242977, 0.255954, 0.232125, 0.23222, 0.253556, 0.258215, 0.242601, 0.246464, 0.216947, 0.262301, 0.261401, 0.247903, 0.233621, 0.237095, 0.255414, 0.2454, 0.24416, 0.242234, 0.226929, 0.253559, 0.242799, 0.238036, 0.250934, 0.243384, 0.220384, 0.206011, 0.233396, 0.241033, 0.235876, 0.254388, 0.24088, 0.232323, 0.235863, 0.23589, 0.239185, 0.250968, 0.230437, 0.252418, 0.208265, 0.242512, 0.214462, 0.23296, 0.254954, 0.235175, 0.242675, 0.237885, 0.221699, 0.21268, 0.241002, 0.2281, 0.241518, 0.238463, 0.206088, 0.256591, 0.222888, 0.245286, 0.244324, 0.2396, 0.241209, 0.244584, 0.224197, 0.248838, 0.230595, 0.225305, 0.216415, 0.193092, 0.227575, 0.244133, 0.226207, 0.234793, 0.209225, 0.238827, 0.229153, 0.229427, 0.233126, 0.222187, 0.239033, 0.217171, 0.23466, 0.237247, 0.21513, 0.23173, 0.243616, 0.244843, 0.242163, 0.217899, 0.220378, 0.228126, 0.233384, 0.218942, 0.222208, 0.250791, 0.210004
0.666667, 0, 0.346574, 0.333676, 0.313287, 0.298977, 0.260986, 0.249818, 0.247582, 0.271708, 0.244514, 0.246751, 0.259064, 0.256375, 0.238197, 0.269447, 0.260049, 0.259109, 0.224718, 0.23761, 0.231296, 0.240286, 0.231721, 0.24555, 0.24074, 0.255383, 0.26237, 0.23158, 0.245541, 0.266644, 0.223289, 0.23296, 0.231861, 0.236786, 0.239752, 0.24837, 0.256402, 0.238488, 0.23376, 0.221161, 0.239698, 0.252508, 0.226719, 0.236742, 0.230584, 0.251652, 0.232616, 0.22535, 0.247409, 0.232941, 0.238071, 0.249218, 0.245031, 0.210979, 0.245764, 0.264612, 0.233976, 0.218553, 0.224057, 0.219369, 0.225464, 0.242159, 0.262208, 0.251964, 0.249542, 0.222017, 0.243853, 0.199905, 0.238542, 0.248838, 0.244368, 0.24115, 0.235207, 0.251299, 0.239899, 0.231828, 0.227793, 0.234761, 0.233612, 0.223264, 0.229151, 0.232225, 0.232151, 0.240753, 0.234573, 0.218223, 0.212887, 0.207231, 0.227575, 0.244061, 0.235774, 0.237199, 0.240796, 0.227258, 0.233525, 0.237556, 0.244224, 0.230751, 0.220307, 0.246948, 0.247228
0.671717, 0, 0.346574, 0.306253, 0.312555, 0.299476, 0.275688, 0.306876, 0.280722, 0.272318, 0.263943, 0.266896, 0.267057, 0.271007, 0.235075, 0.290408, 0.257668, 0.237484, 0.27467, 0.258439, 0.270372, 0.254513, 0.255791, 0.245558, 0.248661, 0.237844, 0.247924, 0.245249, 0.248351, 0.254821, 0.245537, 0.253264, 0.246381, 0.26225, 0.245924, 0.25551, 0.263275, 0.2439, 0.250929, 0.258417, 0.250329, 0.216971, 0.256587, 0.234766, 0.238984, 0.243206, 0.243871, 0.245116, 0.268905, 0.251436, 0.247721, 0.264642, 0.2596, 0.252804, 0.243038, 0.246219, 0.260065, 0.236245, 0.244047, 0.243795, 0.236589, 0.230131, 0.264351, 0.243049, 0.20882, 0.255641, 0.248242, 0.236199, 0.234187, 0.257458, 0.259067, 0.254482, 0.235445, 0.245748, 0.233899, 0.24068, 0.236522, 0.214934, 0.242512, 0.242835, 0.246452, 0.249405, 0.249571, 0.249168, 0.23271, 0.276759, 0.253101, 0.232742, 0.22432, 0.239454, 0.255623, 0.245585, 0.241734, 0.250783, 0.242367, 0.253153, 0.247627, 0.220925, 0.232641, 0.244675, 0.238701
0.676768, 0, 0.346574, 0.328259, 0.273666, 0.299417, 0.312114, 0.271297, 0.27228, 0.292703, 0.269424, 0.274564, 0.278209, 0.231841, 0.296724, 0.257311, 0.285444, 0.240182, 0.2492, 0.278565, 0.257077, 0.234459, 0.271026, 0.277324, 0.252676, 0.254484, 0.25138, 0.231373, 0.22256, 0.242191, 0.244525, 0.245834, 0.23941, 0.252142, 0.244389, 0.244991, 0.264523, 0.247045, 0.261772, 0.277592, 0.247619, 0.245767, 0.259636, 0.242786, 0.251812, 0.251581, 0.251043, 0.249096, 0.254826, 0.252293, 0.248873, 0.231364, 0.242489, 0.271519, 0.240592, 0.247311, 0.253312, 0.255024, 0.247239, 0.247382, 0.240473, 0.240178, 0.26033, 0.222228, 0.259952, 0.242115, 0.250816, 0.252381, 0.242751, 0.26886, 0.242637, 0.246839, 0.251337, 0.255765, 0.238313, 0.244081, 0.247998, 0.253136, 0.251676, 0.241216, 0.247562, 0.247138, 0.239554, 0.252423, 0.254287, 0.257428, 0.236397, 0.251561, 0.266837, 0.246631, 0.251748, 0.253578, 0.248675, 0.244535, 0.237683, 0.235364, 0.256663, 0.238459, 0.254651, 0.25537, 0.24989
0.681818, 0, 0.346574, 0.31692, 0.302201, 0.29582, 0.275729, 0.275266, 0.279968, 0.256863, 0.272888, 0.260834, 0.268787, 0.244712, 0.255457, 0.276906, 0.274577, 0.262775, 0.24563, 0.277084, 0.266753, 0.249954, 0.275036, 0.263646, 0.260669, 0.271347, 0.254542, 0.267753, 0.266111, 0.264412, 0.266309, 0.240484, 0.278204, 0.264208, 0.251836, 0.256788, 0.244215, 0.270177, 0.266585, 0.258696, 0.25947, 0.256079, 0.253884, 0.23292, 0.270668, 0.260816, 0.234152, 0.274592, 0.27264, 0.256686, 0.259573, 0.249783, 0.263455, 0.24685, 0.252464, 0.26589, 0.273563, 0.265619, 0.261854, 0.238019, 0.232604, 0.257827, 0.262516, 0.260446, 0.260617, 0.25199, 0.264349, 0.263656, 0.232479, 0.254945, 0.253918, 0.247547, 0.274484, 0.24618, 0.250507, 0.273065, 0.231716, 0.260769, 0.255504, 0.254857, 0.243084, 0.272378, 0.231497, 0.250307, 0.244723, 0.249464, 0.257632, 0.249821, 0.251089, 0.266567, 0.245633, 0.238722, 0.267811, 0.254299, 0.241528, 0.256962, 0.245556, 0.246193, 0.255494, 0.255575, 0.247634
0.686869, 0, 0.346574, 0.291756, 0.286548, 0.283803, 0.273401, 0.30073, 0.27371, 0.281525, 0.295928, 0.271558, 0.298808, 0.289426, 0.257668, 0.279712, 0.267276, 0.253201, 0.258433, 0.24926, 0.265149, 0.26599, 0.272929, 0.284335, 0.303622, 0.259071, 0.260133, 0.264876, 0.25655, 0.275139, 0.281105, 0.234162, 0.27519, 0.29445, 0.254249, 0.263926, 0.250428, 0.268203, 0.253224, 0.261256, 0.267926, 0.272583, 0.260415, 0.268563, 0.283222, 0.268304, 0.256398, 0.27925, 0.266788, 0.257365, 0.270537, 0.269122, 0.252718, 0.275421, 0.26912, 0.269964, 0.245286, 0.247651, 0.27163, 0.250805, 0.271481, 0.253906, 0.262873, 0.24374, 0.251331, 0.268936, 0.253612, 0.259586, 0.258625, 0.254115, 0.258795, 0.248871, 0.260188, 0.277389, 0.270101, 0.26264, 0.263746, 0.247362, 0.26566, 0.260573, 0.261609, 0.256747, 0.257981, 0.262843, 0.26434, 0.262254, 0.272158, 0.258319, 0.251601, 0.247479, 0.270664, 0.265618, 0.266631, 0.26506, 0.271207, 0.261065, 0.257184, 0.270517, 0.254787, 0.266819, 0.271362
0.691919, 0, 0.346574, 0.343852, 0.280546, 0.291033, 0.297375, 0.299065, 0.283363, 0.295802, 0.297831, 0.274123, 0.275016, 0.276732, 0.222218, 0.256542, 0.262029, 0.286825, 0.277911, 0.253754, 0.2743, 0.263082, 0.27459, 0.251415, 0.273487, 0.287098, 0.252678, 0.264378, 0.279399, 0.276088, 0.278167, 0.267802, 0.285463, 0.271869, 0.27464, 0.258728, 0.262755, 0.274034, 0.263807, 0.254785, 0.275354, 0.279102, 0.275913, 0.279145, 0.274942, 0.260079, 0.282367, 0.248463, 0.264895, 0.283921, 0.274105, 0.26423, 0.269308, 0.273934, 0.270447, 0.262068, 0.275739, 0.255568, 0.272008, 0.277654, 0.265023, 0.286424, 0.260751, 0.280786, 0.278302, 0.263845, 0.253278, 0.267105, 0.269823, 0.260334, 0.281193, 0.260554, 0.257075, 0.259053, 0.256795, 0.274083, 0.267708, 0.241661, 0.269891, 0.280302, 0.236156, 0.266259, 0.279293, 0.268264, 0.266891, 0.274032, 0.269315, 0.255422, 0.271693, 0.262646, 0.265681, 0.269078, 0.270672, 0.271085, 0.264086, 0.289628, 0.266101, 0.256474, 0.268185, 0.27049, 0.265682
0.69697, 0, 0.346574, 0.330102, 0.287835, 0.312875, 0.313191, 0.269632, 0.296037, 0.305478, 0.277395, 0.267562, 0.231617, 0.257059, 0.270307, 0.261498, 0.261771, 0.290153, 0.276793, 0.286941, 0.285543, 0.297812, 0.280678, 0.28238, 0.283433, 0.287748, 0.282772, 0.293459, 0.268132, 0.285172, 0.26581, 0.283965, 0.272727, 0.278906, 0.283693, 0.276856, 0.281683, 0.266521, 0.277472, 0.271992, 0.262582, 0.289016, 0.274914, 0.266742, 0.277948, 0.283399, 0.299967, 0.275725, 0.273163, 0.266775, 0.301229, 0.281252, 0.275842, 0.289273, 0.264414, 0.276432, 0.273752, 0.280208, 0.272862, 0.283879, 0.283556, 0.295764, 0.272999, 0.264114, 0.276139, 0.292217, 0.27452, 0.272557, 0.280903, 0.27491, 0.27281, 0.281286, 0.272148, 0.27995, 0.27125, 0.261998, 0.28332, 0.291006, 0.281767, 0.270714, 0.284919, 0.268726, 0.274435, 0.279619, 0.285866, 0.272812, 0.26122, 0.27198, 0.268802, 0.284229, 0.282647, 0.278503, 0.283552, 0.275318, 0.262847, 0.27119, 0.265188, 0.279391, 0.269343, 0.270313, 0.276
0.70202, 0, 0.346574, 0.337513, 0.334095, 0.318208, 0.302616, 0.307227, 0.303928, 0.287066, 0.274286, 0.303648, 0.305359, 0.266639, 0.293753, 0.280485, 0.297636, 0.286803, 0.283752, 0.268859, 0.293096, 0.285401, 0.283055, 0.276586, 0.268791, 0.275448, 0.272615, 0.285713, 0.281022, 0.262721, 0.27133, 0.271606, 0.260962, 0.276626, 0.286045, 0.279606, 0.29176, 0.288094, 0.295322, 0.269932, 0.301554, 0.278326, 0.285126, 0.282256, 0.298112, 0.298439, 0.280721, 0.269819, 0.273865, 0.283481, 0.300891, 0.281512, 0.276452, 0.28733, 0.282175, 0.287859, 0.29407, 0.272547, 0.283068, 0.28567, 0.29317, 0.281458, 0.2954, 0.276389, 0.273386, 0.29662, 0.283349, 0.283743, 0.269444, 0.276164, 0.29648, 0.307603, 0.285409, 0.272786, 0.283279, 0.287572, 0.28019, 0.283255, 0.282356, 0.282473, 0.283051, 0.292348, 0.283242, 0.277591, 0.288798, 0.280973, 0.286545, 0.277471, 0.286781, 0.289778, 0.278877, 0.288782, 0.280492, 0.284619, 0.287993, 0.282757, 0.267638, 0.264888, 0.286001, 0.283279, 0.276069
0.707071, 0, 0.346574, 0.327384, 0.33439, 0.299617, 0.277008, 0.317404, 0.280032, 0.304108, 0.270472, 0.281658, 0.271718, 0.27934, 0.306513, 0.306607, 0.259703, 0.319521, 0.278507, 0.294331, 0.284022, 0.303767, 0.293689, 0.287375, 0.288978, 0.29797, 0.28751, 0.292392, 0.300166, 0.311146, 0.277441, 0.291449, 0.282771, 0.280008, 0.278372, 0.292175, 0.293567, 0.292125, 0.295417, 0.315777, 0.287464, 0.291297, 0.300336, 0.295395, 0.302247, 0.286996, 0.288122, 0.266959, 0.284329, 0.282812, 0.291059, 0.302601, 0.284823, 0.294823, 0.279899, 0.291138, 0.293321, 0.284113, 0.285288, 0.289588, 0.301946, 0.279028, 0.291535, 0.291143, 0.282473, 0.294062, 0.284661, 0.302421, 0.301855, 0.28882, 0.284532, 0.295976, 0.290462, 0.305024, 0.262507, 0.289172, 0.296344, 0.288733, 0.29132, 0.295469, 0.291578, 0.294093, 0.295053, 0.29192, 0.301048, 0.274713, 0.281518, 0.293493, 0.290651, 0.284781, 0.285586, 0.298037, 0.283579, 0.279638, 0.293283, 0.288636, 0.292768, 0.283248, 0.298301, 0.29275, 0.289993
0.712121, 0, 0.346574, 0.338711, 0.301909, 0.294607, 0.297541, 0.294627, 0.279149, 0.302351, 0.330715, 0.29234, 0.312497, 0.273203, 0.32473, 0.304585, 0.29134, 0.291656, 0.284903, 0.28652, 0.294561, 0.307526, 0.319799, 0.300689, 0.2928, 0.31142, 0.301931, 0.300284, 0.292036, 0.28558, 0.293548, 0.30217, 0.293748, 0.293256, 0.297088, 0.291299, 0.290796, 0.298001, 0.294904, 0.299562, 0.295173, 0.288837, 0.300225, 0.290509, 0.311098, 0.29653, 0.300761, 0.291624, 0.303355, 0.307166, 0.29963, 0.299737, 0.29482, 0.294305, 0.316111, 0.301034, 0.294985, 0.296607, 0.304912, 0.293999, 0.295283, 0.307312, 0.307845, 0.300845, 0.303013, 0.290596, 0.298109, 0.305541, 0.311452, 0.303553, 0.302031, 0.282577, 0.291835, 0.305269, 0.289865, 0.299947, 0.291338, 0.293653, 0.289382, 0.293333, 0.29949, 0.295415, 0.302325, 0.300569, 0.298167, 0.302858, 0.291661, 0.302914, 0.299182, 0.296968, 0.311192, 0.290431, 0.304236, 0.296788, 0.302923, 0.308393, 0.294762, 0.298065, 0.294279, 0.297244, 0.286123
0.717172, 0, 0.346574, 0.331929, 0.307347, 0.305514, 0.30265, 0.284785, 0.29162, 0.306682, 0.290392, 0.300575, 0.284271, 0.276366, 0.298827, 0.305552, 0.306326, 0.286498, 0.281059, 0.315606, 0.304635, 0.303476, 0.294666, 0.297816, 0.305018, 0.31331, 0.30409, 0.285247, 0.306246, 0.30072, 0.304516, 0.304155, 0.31009, 0.316011, 0.298157, 0.301422, 0.310771, 0.29266, 0.302886, 0.31072, 0.298035, 0.304907, 0.314466, 0.288926, 0.309663, 0.319391, 0.315355, 0.316146, 0.296521, 0.301097, 0.303735, 0.305664, 0.300926, 0.312023, 0.311454, 0.311255, 0.30813, 0.292928, 0.305277, 0.320107, 0.304479, 0.302463, 0.306572, 0.30278, 0.306643, 0.318339, 0.319847, 0.30431, 0.307217, 0.313612, 0.310542, 0.297921, 0.317252, 0.301487, 0.308345, 0.313532, 0.308817, 0.307991, 0.311314, 0.301168, 0.316164, 0.301526, 0.311154, 0.305972, 0.307306, 0.310002, 0.308385, 0.319809, 0.299146, 0.306266, 0.308169, 0.310077, 0.305985, 0.312381, 0.311187, 0.313908, 0.305814, 0.31147, 0.312993, 0.303338, 0.308077
0.722222, 0, 0.346574, 0.357158, 0.309304, 0.360912, 0.306408, 0.350065, 0.310763, 0.305426, 0.310201, 0.30362, 0.289444, 0.321219, 0.293233, 0.312367, 0.323959, 0.288341, 0.302318, 0.315395, 0.313467, 0.314173, 0.31605, 0.314954, 0.320354, 0.322375, 0.318971, 0.308335, 0.307457, 0.317497, 0.301427, 0.313771, 0.306517, 0.316957, 0.301186, 0.306178, 0.326515, 0.312873, 0.315705, 0.313958, 0.312162, 0.31083, 0.319658, 0.321823, 0.317818, 0.319009, 0.302824, 0.304645, 0.331129, 0.304109, 0.311009, 0.323778, 0.317774, 0.314217, 0.310224, 0.307725, 0.31326, 0.311502, 0.311885, 0.318212, 0.316904, 0.306402, 0.314101, 0.319904, 0.314155, 0.321413, 0.32429, 0.330046, 0.316495, 0.316306, 0.308092, 0.31192, 0.312617, 0.297225, 0.303182, 0.312539, 0.319691, 0.312834, 0.315646, 0.320537, 0.320899, 0.328432, 0.315762, 0.313108, 0.311495, 0.311308, 0.315323, 0.319509, 0.322651, 0.30949, 0.305698, 0.323288, 0.31184, 0.318629, 0.317309, 0.316261, 0.319985, 0.317576, 0.31807, 0.311039, 0.308745
0.727273, 0, 0.346574, 0.311337, 0.316949, 0.313544, 0.309477, 0.317604, 0.303976, 0.316798, 0.29882, 0.304801, 0.292431, 0.305505, 0.294207, 0.330325, 0.293484, 0.332981, 0.314098, 0.331912, 0.335894, 0.304781, 0.323993, 0.325102, 0.303287, 0.302599, 0.321722, 0.315612, 0.334255, 0.330692, 0.322753, 0.324691, 0.310246, 0.309962, 0.328469, 0.324299, 0.318327, 0.317378, 0.312715, 0.317392, 0.325785, 0.320321, 0.327381, 0.329195, 0.327737, 0.314212, 0.31212, 0.324154, 0.322278, 0.323425, 0.305364, 0.324425, 0.313561, 0.315435, 0.298293, 0.31795, 0.327498, 0.324388, 0.319673, 0.313811, 0.330358, 0.335111, 0.324031, 0.319474, 0.325818, 0.320503, 0.324008, 0.323142, 0.319411, 0.310416, 0.313408, 0.330574, 0.317488, 0.325223, 0.329329, 0.317322, 0.317845, 0.326781, 0.327336, 0.328903, 0.32764, 0.318236, 0.328288, 0.335884, 0.317181, 0.323524, 0.324433, 0.330773, 0.321935, 0.316258, 0.323889, 0.327748, 0.326456, 0.327641, 0.326091, 0.322076, 0.314317, 0.320915, 0.313013, 0.318979, 0.321085
0.732323, 0, 0.346574, 0.359423, 0.304867, 0.31768, 0.295458, 0.309616, 0.315956, 0.304884, 0.329628, 0.314642, 0.313197, 0.318451, 0.323375, 0.303635, 0.326314, 0.291945, 0.307924, 0.328911, 0.320953, 0.316174, 0.319651, 0.331202, 0.330585, 0.327282, 0.313101, 0.323368, 0.314334, 0.331248, 0.328358, 0.325849, 0.336641, 0.337628, 0.31122, 0.334316, 0.346477, 0.329821, 0.337748, 0.31718, 0.345657, 0.322193, 0.322099, 0.34484, 0.331301, 0.31323, 0.326561, 0.335192, 0.332907, 0.327785, 0.320395, 0.3183, 0.331231, 0.337586, 0.321713, 0.326227, 0.3318, 0.331458, 0.328318, 0.317502, 0.342313, 0.326431, 0.327622, 0.332664, 0.333046, 0.326558, 0.337835, 0.336664, 0.328038, 0.327162, 0.325783, 0.326296, 0.331712, 0.328261, 0.340271, 0.333283, 0.334787, 0.329369, 0.334724, 0.327504, 0.320859, 0.325239, 0.32946, 0.335141, 0.325939, 0.331497, 0.331083, 0.328946, 0.326279, 0.328802, 0.33899, 0.33382, 0.338501, 0.333399, 0.326796, 0.325403, 0.328517, 0.336577, 0.333571, 0.32739, 0.334588
0.737374, 0, 0.346574, 0.353779, 0.292723, 0.319317, 0.321147, 0.327298, 0.356384, 0.335891, 0.345261, 0.324842, 0.316338, 0.316228, 0.30508, 0.337537, 0.312473, 0.326187, 0.330536, 0.321551, 0.325347, 0.328899, 0.323125, 0.336956, 0.331254, 0.319214, 0.330903, 0.340463, 0.33683, 0.333346, 0.347771, 0.326133, 0.331505, 0.345867, 0.324316, 0.324361, 0.339745, 0.33479, 0.33433, 0.343693, 0.331084, 0.334911, 0.324675, 0.333339, 0.335161, 0.326172, 0.343779, 0.323104, 0.337197, 0.347775, 0.325913, 0.34091, 0.344085, 0.336275, 0.335191, 0.348278, 0.335995, 0.337516, 0.338827, 0.332272, 0.33204, 0.340192, 0.338296, 0.335874, 0.347579, 0.339705, 0.323367, 0.346548, 0.34286, 0.33839, 0.342388, 0.346753, 0.32762, 0.332746, 0.336843, 0.345658, 0.334984, 0.332345, 0.336726, 0.334571, 0.337188, 0.34234, 0.333832, 0.331334, 0.346757, 0.335894, 0.350336, 0.345373, 0.338596, 0.344163, 0.339254, 0.343427, 0.346018, 0.346218, 0.339151, 0.339045, 0.344536, 0.334306, 0.329401, 0.340186, 0.331593
0.742424, 0, 0.346574, 0.334719, 0.316384, 0.354326, 0.327414, 0.325323, 0.351628, 0.319446, 0.337824, 0.316192, 0.332166, 0.330122, 0.332723, 0.333806, 0.334015, 0.345714, 0.329082, 0.327993, 0.332291, 0.328537, 0.33079, 0.342169, 0.340086, 0.338217, 0.339148, 0.340769, 0.336189, 0.343471, 0.335848, 0.331713, 0.345634, 0.345952, 0.340575, 0.341917, 0.357261, 0.333313, 0.346016, 0.348665, 0.349491, 0.332214, 0.34932, 0.348647, 0.343921, 0.347667, 0.343992, 0.351157, 0.337678, 0.339393, 0.347315, 0.344128, 0.353318, 0.329286, 0.351499, 0.351013, 0.339926, 0.363273, 0.351245, 0.349621, 0.344377, 0.345995, 0.339456, 0.347652, 0.341661, 0.326196, 0.340935, 0.343819, 0.351186, 0.346731, 0.338101, 0.351642, 0.346057, 0.341688, 0.344358, 0.35138, 0.344644, 0.343442, 0.344274, 0.353793, 0.350077, 0.345497, 0.351165, 0.349127, 0.350611, 0.354244, 0.347913, 0.34797, 0.349122, 0.340511, 0.349186, 0.351053, 0.345853, 0.355899, 0.348386, 0.357024, 0.34687, 0.349045, 0.342368, 0.351463, 0.351588
0.747475, 0, 0.346574, 0.345937, 0.337647, 0.34123, 0.311669, 0.322731, 0.344753, 0.335843, 0.342261, 0.333147, 0.344914, 0.313971, 0.311307, 0.302006, 0.348659, 0.338437, 0.347418, 0.331673, 0.339479, 0.343892, 0.34687, 0.331963, 0.353752, 0.354828, 0.326167, 0.336059, 0.350391, 0.358999, 0.329673, 0.346119, 0.344658, 0.339754, 0.353091, 0.349168, 0.351746, 0.353842, 0.341836, 0.348557, 0.356928, 0.354877, 0.353796, 0.348256, 0.35157, 0.355154, 0.349082, 0.349689, 0.343455, 0.351348, 0.354503, 0.343342, 0.349522, 0.359575, 0.349078, 0.359175, 0.356463, 0.362546, 0.349815, 0.357369, 0.354189, 0.350241, 0.353616, 0.360177, 0.35818, 0.360619, 0.359407, 0.336728, 0.352292, 0.343807, 0.350683, 0.349649, 0.349155, 0.351648, 0.360151, 0.3572, 0.34494, 0.356066, 0.361294, 0.353419, 0.360071, 0.35777, 0.358695, 0.35261, 0.357405, 0.356979, 0.356172, 0.365156, 0.362237, 0.356836, 0.356178, 0.356691, 0.354293, 0.353188, 0.359829, 0.360725, 0.352489, 0.357955, 0.359601, 0.352753, 0.364789
0.752525, 0, 0.346574, 0.353439, 0.321848, 0.313536, 0.346424, 0.343145, 0.333727, 0.356912, 0.342713, 0.339888, 0.366417, 0.336247, 0.333366, 0.357638, 0.353106, 0.36352, 0.35429, 0.332355, 0.34127, 0.338888, 0.345663, 0.353682, 0.329619, 0.335595, 0.351961, 0.349871, 0.362422, 0.368355, 0.361676, 0.348997, 0.359088, 0.354719, 0.345682, 0.356924, 0.353381, 0.352697, 0.364556, 0.354999, 0.35313, 0.354361, 0.345709, 0.366382, 0.350346, 0.353469, 0.350154, 0.358229, 0.355236, 0.355306, 0.347886, 0.360335, 0.367226, 0.36154, 0.36867, 0.368709, 0.363636, 0.364471, 0.355675, 0.362622, 0.360017, 0.364899, 0.362057, 0.364229, 0.369093, 0.371807, 0.369398, 0.355242, 0.363385, 0.366593, 0.36408, 0.361137, 0.364976, 0.367408, 0.369174, 0.36112, 0.366826, 0.368234, 0.36042, 0.360641, 0.376644, 0.36863, 0.367534, 0.361339, 0.365538, 0.367285, 0.365757, 0.368746, 0.36682, 0.370375, 0.359878, 0.358914, 0.369894, 0.37456, 0.366237, 0.363866, 0.368349, 0.355006, 0.367098, 0.369663, 0.369061
0.757576, 0, 0.346574, 0.368051, 0.337677, 0.349007, 0.351692, 0.338301, 0.329375, 0.348696, 0.338061, 0.344654, 0.346906, 0.345806, 0.360093, 0.355185, 0.357969, 0.344482, 0.350439, 0.348338, 0.356173, 0.350623, 0.368825, 0.351303, 0.3427, 0.351679, 0.349769, 0.358768, 0.356936, 0.351772, 0.371741, 0.37553, 0.3606, 0.351356, 0.37513, 0.357616, 0.352794, 0.367412, 0.375209, 0.365091, 0.363294, 0.368924, 0.377668, 0.363465, 0.376034, 0.35514, 0.367552, 0.359614, 0.366908, 0.366244, 0.371907, 0.362486, 0.361702, 0.37202, 0.375239, 0.362798, 0.368103, 0.364306, 0.363493, 0.367179, 0.366665, 0.382496, 0.369554, 0.377043, 0.373144, 0.372336, 0.372746, 0.371287, 0.36664, 0.372106, 0.374336, 0.375601, 0.376725, 0.373233, 0.373541, 0.370437, 0.376898, 0.375551, 0.371146, 0.369752, 0.3736, 0.378695, 0.378735, 0.365895, 0.374604, 0.373667, 0.371, 0.374125, 0.370404, 0.379332, 0.373078, 0.366083, 0.373766, 0.373638, 0.378478, 0.37762, 0.373655, 0.372172, 0.374779, 0.370231, 0.377179
0.762626, 0, 0.346574, 0.352428, 0.357306, 0.338891, 0.337673, 0.327094, 0.299994, 0.354003, 0.350672, 0.351269, 0.33309, 0.332333, 0.346412, 0.380984, 0.357186, 0.362926, 0.358697, 0.350193, 0.352191, 0.358311, 0.379226, 0.360786, 0.359804, 0.368543, 0.36645, 0.357745, 0.374076, 0.367181, 0.378211, 0.376966, 0.363771, 0.381076, 0.358066, 0.374332, 0.367313, 0.372399, 0.366454, 0.38717, 0.391734, 0.371284, 0.377225, 0.377039, 0.372892, 0.36932, 0.371941, 0.376036, 0.383643, 0.375897, 0.369424, 0.374775, 0.363059, 0.374178, 0.380466, 0.379547, 0.377729, 0.383669, 0.369503, 0.380934, 0.380774, 0.381518, 0.381141, 0.379045, 0.373808, 0.384439, 0.375006, 0.378488, 0.382405, 0.380123, 0.37696, 0.385953, 0.379325, 0.380218, 0.384318, 0.378966, 0.384656, 0.377421, 0.387119, 0.372858, 0.385492, 0.383598, 0.376972, 0.385171, 0.383417, 0.377914, 0.378795, 0.376024, 0.379466, 0.381003, 0.377628, 0.376717, 0.381065, 0.380904, 0.380667, 0.377943, 0.38794, 0.38093, 0.378367, 0.383451, 0.378598
0.767677, 0, 0.346574, 0.339836, 0.339015, 0.345152, 0.349638, 0.332006, 0.356378, 0.344342, 0.352185, 0.367929, 0.359426, 0.352662, 0.37835, 0.371022, 0.359391, 0.362747, 0.365974, 0.366855, 0.368192, 0.364601, 0.371135, 0.378613, 0.366391, 0.36208, 0.381541, 0.382905, 0.372296, 0.365151, 0.371691, 0.37911, 0.375892, 0.37861, 0.389877, 0.371318, 0.385279, 0.392624, 0.387689, 0.394019, 0.385391, 0.383495, 0.382042, 0.380027, 0.375429, 0.376576, 0.377113, 0.384029, 0.383732, 0.384601, 0.370147, 0.378142, 0.378745, 0.383362, 0.389809, 0.388071, 0.382845, 0.381005, 0.371173, 0.387, 0.388764, 0.38521, 0.387358, 0.391771, 0.39423, 0.380108, 0.390454, 0.385597, 0.383536, 0.387232, 0.393117, 0.394012, 0.386783, 0.381263, 0.385755, 0.389701, 0.381665, 0.394833, 0.390289, 0.391614, 0.383359, 0.381916, 0.393017, 0.393781, 0.386052, 0.384487, 0.387614, 0.391591, 0.393715, 0.390882, 0.389581, 0.393789, 0.383225, 0.395153, 0.385058, 0.391807, 0.389647, 0.385048, 0.396511, 0.394241, 0.391083
0.772727, 0, 0.346574, 0.345203, 0.329003, 0.338511, 0.327914, 0.376178, 0.378392, 0.362705, 0.357473, 0.382066, 0.366223, 0.360561, 0.348833, 0.363012, 0.368479, 0.378591, 0.366926, 0.373606, 0.378534, 0.383567, 0.376067, 0.384143, 0.391849, 0.396043, 0.38247, 0.388331, 0.374678, 0.384853, 0.380793, 0.37824, 0.394472, 0.387468, 0.381987, 0.387244, 0.390262, 0.396518, 0.390491, 0.385847, 0.403816, 0.379558, 0.398016, 0.400979, 0.383656, 0.394935, 0.38552, 0.394283, 0.395144, 0.397275, 0.400506, 0.392277, 0.398605, 0.395799, 0.392839, 0.396071, 0.398524, 0.389862, 0.392838, 0.397645, 0.390205, 0.395014, 0.397796, 0.391999, 0.391182, 0.400066, 0.400386, 0.386934, 0.394418, 0.398945, 0.382237, 0.396681, 0.402958, 0.396615, 0.392358, 0.398976, 0.395912, 0.399671, 0.394498, 0.40022, 0.390574, 0.405722, 0.394908, 0.397026, 0.395508, 0.400587, 0.402272, 0.397242, 0.393728, 0.394027, 0.400396, 0.395687, 0.403285, 0.401903, 0.393911, 0.396212, 0.394864, 0.39733, 0.398745, 0.404844, 0.399715
0.777778, 0, 0.346574, 0.355188, 0.350148, 0.370754, 0.330667, 0.388559, 0.38716, 0.368861, 0.367831, 0.36546, 0.380788, 0.391122, 0.370614, 0.389314, 0.388497, 0.371075, 0.375241, 0.402357, 0.375689, 0.377073, 0.381768, 0.378184, 0.403369, 0.400737, 0.392817, 0.392684, 0.389386, 0.378408, 0.39508, 0.388415, 0.395392, 0.391143, 0.388463, 0.398591, 0.381747, 0.392499, 0.387162, 0.398727, 0.390627, 0.399055, 0.3969, 0.404015, 0.396782, 0.3979, 0.404131, 0.397124, 0.398895, 0.402167, 0.394926, 0.396394, 0.393321, 0.401505, 0.393762, 0.404163, 0.401866, 0.402418, 0.389633, 0.399651, 0.408107, 0.40243, 0.408343, 0.399082, 0.396421, 0.400331, 0.403545, 0.400339, 0.40504, 0.407147, 0.401287, 0.40634, 0.402238, 0.404875, 0.410241, 0.406944, 0.406894, 0.409581, 0.402246, 0.41092, 0.409856, 0.408611, 0.411152, 0.411564, 0.404826, 0.408566, 0.401403, 0.404129, 0.406003, 0.398659, 0.411242, 0.403745, 0.404274, 0.409623, 0.406227, 0.407302, 0.404685, 0.402892, 0.406909, 0.408569, 0.402703
0.782828, 0, 0.346574, 0.364795, 0.337205, 0.371799, 0.367373, 0.365118, 0.370334, 0.354311, 0.375511, 0.385875, 0.384892, 0.378172, 0.404974, 0.378161, 0.388246, 0.373893, 0.38024, 0.396374, 0.389862, 0.400062, 0.39149, 0.382865, 0.403086, 0.385903, 0.394378, 0.386826, 0.386082, 0.390159, 0.405614, 0.404433, 0.402147, 0.398158, 0.398422, 0.393985, 0.39727, 0.402935, 0.406333, 0.406262, 0.407061, 0.399681, 0.407271, 0.397988, 0.399606, 0.402378, 0.405426, 0.414322, 0.405423, 0.402723, 0.393598, 0.405381, 0.409323, 0.403895, 0.403027, 0.402331, 0.415686, 0.400397, 0.412222, 0.408084, 0.406935, 0.405523, 0.413341, 0.409688, 0.408647, 0.40276, 0.412104, 0.412182, 0.411923, 0.41381, 0.418389, 0.415445, 0.411486, 0.41608, 0.4107, 0.415302, 0.41085, 0.412513, 0.409017, 0.415726, 0.410484, 0.415217, 0.416676, 0.411119, 0.410891, 0.413419, 0.416618, 0.412112, 0.410295, 0.413143, 0.41321, 0.409682, 0.415922, 0.411144, 0.415417, 0.413727, 0.41716, 0.41822, 0.414202, 0.415157, 0.419927
0.787879, 0, 0.346574, 0.373483, 0.337819, 0.357402, 0.369215, 0.377216, 0.355594, 0.353922, 0.388557, 0.402955, 0.39171, 0.389894, 0.395715, 0.389079, 0.397828, 0.391835, 0.393398, 0.387555, 0.400964, 0.402877, 0.397015, 0.386134, 0.401319, 0.407692, 0.385343, 0.40387, 0.399097, 0.413938, 0.402571, 0.398495, 0.403865, 0.401723, 0.401067, 0.417668, 0.409138, 0.418701, 0.410348, 0.416651, 0.408144, 0.417156, 0.418862, 0.417632, 0.420347, 0.422216, 0.413632, 0.411738, 0.415081, 0.40962, 0.406663, 0.405002, 0.422094, 0.412048, 0.408196, 0.416619, 0.413706, 0.409341, 0.418792, 0.421177, 0.418253, 0.413752, 0.423573, 0.413747, 0.416665, 0.422622, 0.417741, 0.416969, 0.423067, 0.418362, 0.414279, 0.420463, 0.41938, 0.41811, 0.41763, 0.417965, 0.421221, 0.418911, 0.415767, 0.420685, 0.415845, 0.420972, 0.421592, 0.416036, 0.424026, 0.425846, 0.418383, 0.424077, 0.430303, 0.412591, 0.425077, 0.42021, 0.419969, 0.421788, 0.423041, 0.424248, 0.423631, 0.419383, 0.418385, 0.416708, 0.424368
0.792929, 0, 0.346574, 0.354238, 0.351101, 0.348814, 0.368436, 0.365153, 0.376852, 0.384638, 0.390631, 0.387747, 0.382664, 0.388568, 0.400054, 0.376936, 0.399252, 0.40515, 0.411368, 0.403128, 0.414292, 0.400798, 0.391702, 0.411301, 0.408382, 0.412793, 0.416467, 0.40204, 0.412217, 0.40602, 0.408971, 0.412502, 0.418618, 0.406991, 0.410595, 0.425364, 0.407276, 0.420566, 0.431097, 0.412681, 0.419718, 0.426669, 0.420179, 0.419271, 0.424271, 0.421127, 0.422706, 0.42366, 0.415328, 0.429004, 0.424098, 0.422145, 0.41791, 0.414891, 0.41874, 0.421307, 0.414095, 0.416523, 0.423472, 0.419229, 0.420082, 0.419955, 0.424332, 0.41834, 0.423147, 0.425552, 0.426684, 0.429772, 0.424446, 0.429229, 0.431204, 0.421517, 0.429463, 0.430406, 0.428666, 0.419484, 0.428664, 0.428426, 0.426696, 0.434323, 0.427412, 0.433154, 0.426755, 0.429238, 0.430072, 0.428702, 0.428731, 0.424307, 0.425529, 0.430436, 0.429927, 0.428396, 0.431317, 0.429988, 0.428236, 0.43408, 0.433505, 0.432526, 0.430232, 0.430878, 0.431631
0.79798, 0, 0.346574, 0.362218, 0.364193, 0.364478, 0.374438, 0.386643, 0.382095, 0.375378, 0.400707, 0.374565, 0.410112, 0.399894, 0.401302, 0.389095, 0.419938, 0.404212, 0.410441, 0.393018, 0.411264, 0.42183, 0.424949, 0.414305, 0.417444, 0.41535, 0.415607, 0.423929, 0.417056, 0.421009, 0.412424, 0.426481, 0.425877, 0.419341, 0.4252, 0.422294, 0.433147, 0.427982, 0.427295, 0.423699, 0.427688, 0.429247, 0.429736, 0.410126, 0.429472, 0.426078, 0.43523, 0.425485, 0.424424, 0.429298, 0.428177, 0.427506, 0.430079, 0.436758, 0.43003, 0.427901, 0.436062, 0.433703, 0.432932, 0.436751, 0.432467, 0.437682, 0.432957, 0.429378, 0.436157, 0.437541, 0.429387, 0.431751, 0.438144, 0.432592, 0.435914, 0.442009, 0.431358, 0.434651, 0.435385, 0.432639, 0.435962, 0.433319, 0.432846, 0.431362, 0.438533, 0.43313, 0.435358, 0.431961, 0.429426, 0.436374, 0.440889, 0.439774, 0.4419, 0.441049, 0.439709, 0.434609, 0.440839, 0.433885, 0.444037, 0.441645, 0.433947, 0.436226, 0.434974, 0.435411, 0.438718
0.80303, 0, 0.346574, 0.344261, 0.343193, 0.389988, 0.380871, 0.380295, 0.392243, 0.384406, 0.395011, 0.41756, 0.409285, 0.423793, 0.400676, 0.40336, 0.397341, 0.402975, 0.415107, 0.405857, 0.41833, 0.40153, 0.404618, 0.415881, 0.435098, 0.433405, 0.426601, 0.425166, 0.431441, 0.432723, 0.4289, 0.425594, 0.434892, 0.425755, 0.423831, 0.432438, 0.425257, 0.416832, 0.428088, 0.425186, 0.436572, 0.431189, 0.434625, 0.435561, 0.432842, 0.434305, 0.442919, 0.438218, 0.435339, 0.436951, 0.43654, 0.441675, 0.438698, 0.440021, 0.436838, 0.436864, 0.441986, 0.436928, 0.44467, 0.438173, 0.440136, 0.440094, 0.440659, 0.438996, 0.438264, 0.44105, 0.439, 0.447775, 0.441734, 0.442934, 0.436226, 0.44288, 0.44286, 0.435199, 0.440154, 0.44556, 0.441026, 0.446891, 0.436968, 0.444462, 0.439043, 0.448945, 0.443964, 0.445011, 0.449623, 0.445715, 0.443574, 0.444088, 0.446363, 0.447471, 0.44121, 0.442017, 0.447825, 0.442581, 0.443042, 0.446498, 0.440924, 0.448077, 0.446433, 0.443071, 0.443428
0.808081, 0, 0.346574, 0.344331, 0.36752, 0.356137, 0.3817, 0.39196, 0.406145, 0.400918, 0.395759, 0.401188, 0.410997, 0.413475, 0.416124, 0.414334, 0.421544, 0.407077, 0.432246, 0.414974, 0.423206, 0.425833, 0.430748, 0.424454, 0.420705, 0.432609, 0.423328, 0.432651, 0.433271, 0.424023, 0.434292, 0.431249, 0.455617, 0.43453, 0.432678, 0.433966, 0.442727, 0.435509, 0.442438, 0.433164, 0.448581, 0.434993, 0.439998, 0.437601, 0.442586, 0.444754, 0.444035, 0.446493, 0.438442, 0.446264, 0.439467, 0.448576, 0.44275, 0.443155, 0.44526, 0.444541, 0.448324, 0.437364, 0.44615, 0.448777, 0.436865, 0.448731, 0.440795, 0.448021, 0.448161, 0.44823, 0.447954, 0.449005, 0.450807, 0.45297, 0.452696, 0.451243, 0.447335, 0.44667, 0.449177, 0.450533, 0.450008, 0.450161, 0.451965, 0.449467, 0.452999, 0.453799, 0.452739, 0.449901, 0.455453, 0.454707, 0.455366, 0.450657, 0.449898, 0.448301, 0.454827, 0.451107, 0.452251, 0.446984, 0.449767, 0.453466, 0.451724, 0.454131, 0.450009, 0.4536, 0.457536
0.813131, 0, 0.346574, 0.335322, 0.367728, 0.383475, 0.371063, 0.381658, 0.408679, 0.410834, 0.414174, 0.413708, 0.42525, 0.423605, 0.417228, 0.423001, 0.422748, 0.411953, 0.434077, 0.432166, 0.424823, 0.436299, 0.440512, 0.432888, 0.436115, 0.43515, 0.448264, 0.439585, 0.43098, 0.439961, 0.440708, 0.443041, 0.432369, 0.449932, 0.448241, 0.437886, 0.440561, 0.459103, 0.442145, 0.440826, 0.438047, 0.449992, 0.448422, 0.447971, 0.45421, 0.458783, 0.444528, 0.454791, 0.451125, 0.447712, 0.452485, 0.454121, 0.452237, 0.450618, 0.455699, 0.458498, 0.457343, 0.45262, 0.449496, 0.452432, 0.455438, 0.446411, 0.453695, 0.451861, 0.445025, 0.453428, 0.460145, 0.453087, 0.454338, 0.454468, 0.455445, 0.454441, 0.457379, 0.456888, 0.453125, 0.451929, 0.458522, 0.459141, 0.45858, 0.458255, 0.460364, 0.45594, 0.462062, 0.456456, 0.45473, 0.458842, 0.456046, 0.465777, 0.457714, 0.45849, 0.461403, 0.457724, 0.455099, 0.46181, 0.461714, 0.458021, 0.459613, 0.451916, 0.465383, 0.45621, 0.460795
0.818182, 0, 0.346574, 0.370865, 0.356225, 0.390033, 0.376916, 0.398156, 0.40427, 0.41285, 0.425478, 0.4031, 0.420902, 0.439785, 0.428584, 0.426786, 0.414938, 0.430917, 0.439131, 0.42299, 0.45665, 0.426081, 0.440458, 0.437288, 0.444087, 0.454854, 0.44608, 0.439016, 0.444047, 0.442525, 0.444473, 0.452162, 0.45478, 0.454546, 0.459288, 0.451778, 0.454742, 0.449293, 0.452617, 0.451195, 0.446331, 0.450397, 0.454969, 0.451381, 0.449394, 0.44966, 0.456711, 0.449988, 0.452342, 0.452198, 0.456461, 0.462403, 0.459775, 0.455431, 0.458489, 0.453216, 0.450899, 0.465742, 0.464595, 0.457114, 0.467295, 0.458795, 0.458968, 0.459262, 0.46256, 0.460867, 0.461804, 0.463219, 0.459814, 0.455492, 0.465587, 0.456463, 0.462692, 0.465109, 0.462063, 0.465098, 0.468295, 0.467056, 0.46453, 0.461376, 0.467921, 0.465971, 0.463519, 0.467894, 0.463569, 0.464177, 0.463371, 0.466787, 0.463695, 0.4654, 0.467959, 0.464488, 0.466906, 0.463735, 0.464342, 0.468278, 0.463423, 0.467084, 0.466591, 0.465748, 0.466245
0.823232, 0, 0.346574, 0.372196, 0.373151, 0.384911, 0.405436, 0.395377, 0.413906, 0.412435, 0.411623, 0.419831, 0.42349, 0.428048, 0.442731, 0.41325, 0.431839, 0.448686, 0.445509, 0.434602, 0.450765, 0.444204, 0.45477, 0.447693, 0.453206, 0.466017, 0.456892, 0.457286, 0.458893, 0.445745, 0.458762, 0.461161, 0.458706, 0.450198, 0.45777, 0.453772, 0.45435, 0.456174, 0.461077, 0.453869, 0.463434, 0.461843, 0.463499, 0.468099, 0.46128, 0.457592, 0.466174, 0.464273, 0.465339, 0.468123, 0.463984, 0.468915, 0.458607, 0.466239, 0.464509, 0.468928, 0.47106, 0.46464, 0.464802, 0.469156, 0.471114, 0.466117, 0.47109, 0.472951, 0.468883, 0.466627, 0.468737, 0.472998, 0.473325, 0.472105, 0.468064, 0.46702, 0.472724, 0.473964, 0.476145, 0.471751, 0.474566, 0.472215, 0.473876, 0.47342, 0.466871, 0.469216, 0.471548, 0.47072, 0.474823, 0.468433, 0.471945, 0.470012, 0.47558, 0.471892, 0.470879, 0.474148, 0.470716, 0.472286, 0.4708, 0.473663, 0.474157, 0.476837, 0.470997, 0.4737, 0.477339
0.828283, 0, 0.346574, 0.35494, 0.38988, 0.382282, 0.383438, 0.413189, 0.413473, 0.429502, 0.429286, 0.436796, 0.431375, 0.432203, 0.427822, 0.440057, 0.445878, 0.454118, 0.452603, 0.44268, 0.451857, 0.443415, 0.451143, 0.463073, 0.470118, 0.460518, 0.469571, 0.457942, 0.469425, 0.457206, 0.458977, 0.465539, 0.454945, 0.477636, 0.462215, 0.462233, 0.467545, 0.464106, 0.469268, 0.478632, 0.469646, 0.481163, 0.47174, 0.474069, 0.467584, 0.463677, 0.47211, 0.471792, 0.465741, 0.473754, 0.469493, 0.470631, 0.476848, 0.473104, 0.474801, 0.47206, 0.47259, 0.474334, 0.470065, 0.476143, 0.471438, 0.477585, 0.47313, 0.474359, 0.474875, 0.47422, 0.478013, 0.466478, 0.477262, 0.478393, 0.471776, 0.474856, 0.480079, 0.473933, 0.476684, 0.477878, 0.47586, 0.475311, 0.478662, 0.481322, 0.478207, 0.480292, 0.477613, 0.479495, 0.482088, 0.484812, 0.484624, 0.484282, 0.483592, 0.482175, 0.479233, 0.482785, 0.478625, 0.475513, 0.479917, 0.482522, 0.482016, 0.47649, 0.480727, 0.478741, 0.480378
0.833333, 0, 0.346574, 0.348319, 0.393931, 0.404942, 0.402583, 0.400274, 0.421858, 0.423936, 0.414051, 0.444605, 0.444971, 0.445414, 0.445314, 0.438331, 0.459982, 0.445836, 0.443246, 0.448975, 0.443274, 0.46543, 0.464887, 0.464135, 0.466998, 0.465411, 0.463575, 0.462838, 0.460582, 0.463175, 0.469448, 0.470089, 0.469704, 0.473405, 0.480799, 0.46386, 0.464333, 0.465376, 0.476442, 0.480262, 0.476597, 0.477018, 0.47722, 0.470037, 0.474033, 0.476381, 0.477173, 0.483611, 0.478103, 0.481193, 0.476056, 0.482567, 0.475694, 0.477837, 0.488361, 0.483387, 0.484559, 0.480698, 0.480161, 0.480049, 0.488487, 0.481476, 0.483583, 0.482925, 0.48545, 0.485983, 0.485161, 0.484983, 0.480685, 0.485904, 0.484525, 0.488644, 0.483734, 0.483999, 0.488534, 0.487893, 0.486299, 0.485293, 0.48924, 0.480187, 0.484632, 0.481455, 0.483825, 0.487091, 0.482752, 0.483766, 0.487433, 0.486814, 0.485814, 0.485476, 0.49051, 0.486241, 0.48546, 0.489758, 0.487188, 0.490626, 0.490023, 0.487909, 0.492434, 0.486795, 0.490167
0.838384, 0, 0.346574, 0.366881, 0.37321, 0.399724, 0.405565, 0.424555, 0.442034, 0.443687, 0.431251, 0.434394, 0.44514, 0.45646, 0.443167, 0.449561, 0.462156, 0.456466, 0.46266, 0.46003, 0.457919, 0.461753, 0.469692, 0.453785, 0.462721, 0.469576, 0.463658, 0.473381, 0.471859, 0.46566, 0.480074, 0.479975, 0.472181, 0.473022, 0.484862, 0.479649, 0.490893, 0.480937, 0.479543, 0.481062, 0.487852, 0.481369, 0.481787, 0.478647, 0.484931, 0.485564, 0.484491, 0.485209, 0.488118, 0.479532, 0.486765, 0.484247, 0.48551, 0.481421, 0.48851, 0.482512, 0.486979, 0.488707, 0.485749, 0.488742, 0.485678, 0.488646, 0.487211, 0.488315, 0.486283, 0.493604, 0.489441, 0.490374, 0.491461, 0.491238, 0.495755, 0.490912, 0.49199, 0.491895, 0.492968, 0.487298, 0.492083, 0.494374, 0.491822, 0.487688, 0.497481, 0.492952, 0.493517, 0.492107, 0.488785, 0.49683, 0.49304, 0.495046, 0.496517, 0.492699, 0.49408, 0.492762, 0.497019, 0.493295, 0.494289, 0.493565, 0.497084, 0.495069, 0.495389, 0.496927, 0.496753
0.843434, 0, 0.346574, 0.355479, 0.399445, 0.382475, 0.402415, 0.436035, 0.424959, 0.438289, 0.451175, 0.464549, 0.455186, 0.467992, 0.463529, 0.460022, 0.480648, 0.467636, 0.445678, 0.465711, 0.469084, 0.481863, 0.468071, 0.489483, 0.474528, 0.480286, 0.471468, 0.463032, 0.472919, 0.489893, 0.483049, 0.492065, 0.492868, 0.479375, 0.482351, 0.481728, 0.488134, 0.484921, 0.4854, 0.486203, 0.483869, 0.491028, 0.489398, 0.496045, 0.495045, 0.493447, 0.485348, 0.49447, 0.49125, 0.487257, 0.491922, 0.486355, 0.492636, 0.495329, 0.495552, 0.495331, 0.496698, 0.497222, 0.49005, 0.496043, 0.492895, 0.498726, 0.493016, 0.500941, 0.49715, 0.498718, 0.503163, 0.500372, 0.499159, 0.496245, 0.499123, 0.49529, 0.500181, 0.498898, 0.497801, 0.499097, 0.50281, 0.498076, 0.49952, 0.499215, 0.501955, 0.497886, 0.498048, 0.50056, 0.500458, 0.499242, 0.499318, 0.501312, 0.498517, 0.500703, 0.501972, 0.497865, 0.497077, 0.500305, 0.504608, 0.503015, 0.504612, 0.503013, 0.500773, 0.501645, 0.502341
0.848485, 0, 0.346574, 0.375031, 0.399758, 0.41117, 0.416356, 0.425916, 0.420434, 0.427948, 0.46329, 0.453149, 0.449728, 0.453585, 0.462606, 0.459188, 0.473366, 0.45234, 0.469627, 0.473429, 0.477768, 0.489149, 0.486707, 0.484335, 0.490792, 0.489352, 0.482551, 0.489773, 0.485583, 0.489273, 0.490169, 0.488142, 0.490995, 0.495267, 0.492605, 0.50053, 0.498261, 0.48973, 0.500823, 0.494448, 0.488986, 0.492047, 0.498738, 0.49829, 0.493963, 0.49869, 0.498892, 0.49875, 0.499019, 0.500036, 0.497305, 0.492813, 0.500221, 0.50136, 0.497796, 0.501776, 0.509379, 0.504671, 0.504289, 0.503343, 0.504569, 0.502469, 0.502435, 0.504192, 0.502573, 0.505211, 0.503231, 0.500761, 0.504189, 0.505119, 0.503583, 0.501898, 0.501176, 0.507987, 0.505826, 0.509589, 0.510665, 0.505866, 0.505554, 0.509667, 0.509238, 0.505986, 0.508031, 0.509436, 0.504096, 0.507422, 0.509587, 0.508214, 0.503762, 0.506621, 0.506788, 0.507642, 0.503231, 0.510411, 0.505739, 0.505563, 0.508706, 0.509084, 0.508563, 0.508554, 0.507977
0.853535, 0, 0.346574, 0.344397, 0.382935, 0.383715, 0.425729, 0.433345, 0.430109, 0.456995, 0.459566, 0.451533, 0.471663, 0.470873, 0.478954, 0.479469, 0.490601, 0.477305, 0.491424, 0.476007, 0.482325, 0.480712, 0.495431, 0.484909, 0.483203, 0.487028, 0.497307, 0.496374, 0.499437, 0.49365, 0.496781, 0.498203, 0.49851, 0.496458, 0.50048, 0.504658, 0.497125, 0.511126, 0.503026, 0.502378, 0.504206, 0.503967, 0.493043, 0.504127, 0.500707, 0.500028, 0.495523, 0.50501, 0.50644, 0.506336, 0.507351, 0.504904, 0.509239, 0.509551, 0.509409, 0.50396, 0.506077, 0.513308, 0.508298, 0.508843, 0.50661, 0.507426, 0.507557, 0.512854, 0.508066, 0.508441, 0.510146, 0.513117, 0.514073, 0.509661, 0.507928, 0.51555, 0.510815, 0.513694, 0.509248, 0.51543, 0.51703, 0.511757, 0.517887, 0.516513, 0.514715, 0.516329, 0.512854, 0.512926, 0.514847, 0.515534, 0.51354, 0.517692, 0.513491, 0.517907, 0.51395, 0.51773, 0.515282, 0.516174, 0.512685, 0.513466, 0.515907, 0.51545, 0.513619, 0.515195, 0.513279
0.858586, 0, 0.346574, 0.369176, 0.389049, 0.409685, 0.437726, 0.447462, 0.448142, 0.451344, 0.460472, 0.463293, 0.462919, 0.486522, 0.480248, 0.476695, 0.478392, 0.490568, 0.493704, 0.492906, 0.483002, 0.490882, 0.483601, 0.497654, 0.494755, 0.494874, 0.495353, 0.50215, 0.498936, 0.496441, 0.506321, 0.510416, 0.496461, 0.504005, 0.509309, 0.501083, 0.505752, 0.508965, 0.506654, 0.50751, 0.516013, 0.510006, 0.506165, 0.512152, 0.50959, 0.510737, 0.510893, 0.509305, 0.516628, 0.51238, 0.515375, 0.510624, 0.51266, 0.516534, 0.517394, 0.52023, 0.517023, 0.513658, 0.518971, 0.516234, 0.520753, 0.511128, 0.513011, 0.516281, 0.515296, 0.519174, 0.516395, 0.518261, 0.517833, 0.513207, 0.516101, 0.51736, 0.513822, 0.516739, 0.519375, 0.516278, 0.522537, 0.518626, 0.522086, 0.517307, 0.519125, 0.518526, 0.518279, 0.521514, 0.521946, 0.523396, 0.522287, 0.51997, 0.520237, 0.521899, 0.52205, 0.517806, 0.520959, 0.519572, 0.524192, 0.522217, 0.52094, 0.519656, 0.524856, 0.523084, 0.520165
0.863636, 0, 0.346574, 0.371845, 0.409172, 0.421721, 0.415883, 0.434112, 0.439271, 0.47467, 0.456483, 0.473314, 0.470133, 0.476332, 0.485859, 0.492644, 0.488705, 0.49135, 0.501906, 0.495117, 0.492416, 0.508214, 0.50733, 0.50567, 0.515342, 0.504495, 0.506081, 0.50164, 0.509881, 0.514727, 0.508133, 0.509292, 0.513524, 0.506881, 0.501109, 0.51811, 0.517286, 0.508753, 0.515059, 0.518222, 0.511706, 0.507284, 0.520515, 0.517559, 0.511989, 0.515351, 0.520965, 0.517865, 0.52378, 0.511765, 0.516781, 0.524473, 0.519402, 0.517109, 0.522726, 0.523081, 0.523521, 0.524187, 0.519523, 0.518861, 0.523934, 0.521461, 0.52412, 0.527304, 0.52513, 0.525111, 0.524708, 0.527572, 0.525815, 0.525999, 0.521277, 0.526504, 0.522962, 0.530171, 0.5258, 0.527729, 0.52691, 0.526385, 0.52536, 0.52555, 0.523867, 0.527325, 0.525301, 0.529377, 0.524252, 0.52317, 0.52823, 0.524139, 0.529967, 0.528447, 0.529518, 0.529997, 0.52567, 0.526266, 0.527781, 0.529722, 0.524429, 0.529807, 0.527853, 0.526739, 0.528395
0.868687, 0, 0.346574, 0.36394, 0.405043, 0.430236, 0.415946, 0.441402, 0.46537, 0.476585, 0.476072, 0.477375, 0.489418, 0.489922, 0.503476, 0.498337, 0.500542, 0.496727, 0.493023, 0.505299, 0.501558, 0.508832, 0.503416, 0.513938, 0.507753, 0.507319, 0.519592, 0.50669, 0.514147, 0.516202, 0.511589, 0.521012, 0.525773, 0.513468, 0.520399, 0.517195, 0.517075, 0.528743, 0.515751, 0.527145, 0.522017, 0.52282, 0.517952, 0.522084, 0.523358, 0.524392, 0.529216, 0.525496, 0.527107, 0.525326, 0.518524, 0.522557, 0.531273, 0.523593, 0.521297, 0.527241, 0.53011, 0.530727, 0.528914, 0.524378, 0.532413, 0.529246, 0.526134, 0.529654, 0.527224, 0.529932, 0.52766, 0.528596, 0.53127, 0.530827, 0.529259, 0.533263, 0.530156, 0.529686, 0.529258, 0.531579, 0.533449, 0.532309, 0.534887, 0.52901, 0.531668, 0.532681, 0.53149, 0.531616, 0.53632, 0.530083, 0.536074, 0.53352, 0.530171, 0.535171, 0.535058, 0.531955, 0.533841, 0.537941, 0.531892, 0.534263, 0.532775, 0.538428, 0.534966, 0.53363, 0.535091
0.873737, 0, 0.346574, 0.386631, 0.409772, 0.436703, 0.453231, 0.463627, 0.4603, 0.469846, 0.490035, 0.487273, 0.49905, 0.494685, 0.497465, 0.500938, 0.502667, 0.509215, 0.496044, 0.518614, 0.511208, 0.514569, 0.514045, 0.517008, 0.508486, 0.521493, 0.515825, 0.523617, 0.522076, 0.524235, 0.531962, 0.51753, 0.525979, 0.524563, 0.527332, 0.528025, 0.51654, 0.531745, 0.527675, 0.522616, 0.531279, 0.523176, 0.530409, 0.533178, 0.526558, 0.531356, 0.528999, 0.529934, 0.534766, 0.533905, 0.532345, 0.534002, 0.532764, 0.535805, 0.535732, 0.535442, 0.53815, 0.535542, 0.532269, 0.53411, 0.533643, 0.534652, 0.540257, 0.534363, 0.535488, 0.536998, 0.534144, 0.536655, 0.539483, 0.535251, 0.53569, 0.536818, 0.537856, 0.540027, 0.535579, 0.540409, 0.538245, 0.534086, 0.538203, 0.540938, 0.543606, 0.538289, 0.53783, 0.542167, 0.54036, 0.540438, 0.539105, 0.54034, 0.538189, 0.54049, 0.540321, 0.539725, 0.541804, 0.541223, 0.540755, 0.542191, 0.536407, 0.542169, 0.540272, 0.54069, 0.541345
0.878788, 0, 0.346574, 0.384653, 0.401607, 0.448299, 0.438575, 0.452303, 0.471403, 0.486329, 0.471257, 0.498589, 0.493941, 0.498366, 0.497525, 0.500312, 0.510386, 0.519191, 0.514665, 0.515703, 0.51551, 0.520683, 0.517977, 0.524611, 0.525291, 0.52358, 0.524916, 0.527211, 0.526581, 0.527355, 0.529745, 0.529917, 0.529453, 0.534951, 0.530702, 0.534641, 0.535604, 0.536951, 0.536045, 0.540684, 0.540545, 0.537435, 0.536232, 0.533128, 0.537702, 0.53604, 0.532132, 0.539692, 0.542537, 0.541118, 0.53459, 0.540991, 0.535535, 0.537759, 0.536509, 0.544823, 0.542573, 0.539087, 0.537467, 0.537906, 0.540519, 0.54237, 0.545085, 0.545129, 0.544466, 0.545033, 0.546437, 0.542417, 0.544472, 0.542531, 0.53794, 0.544597, 0.542476, 0.544672, 0.545335, 0.543764, 0.543859, 0.547658, 0.543276, 0.541458, 0.543438, 0.544174, 0.547005, 0.548675, 0.544226, 0.544915, 0.546069, 0.545397, 0.545009, 0.547288, 0.547619, 0.549121, 0.547555, 0.546119, 0.544553, 0.545665, 0.545393, 0.547707, 0.546513, 0.550129, 0.544949
0.883838, 0, 0.346574, 0.392881, 0.423792, 0.425287, 0.47822, 0.426843, 0.497495, 0.494873, 0.493992, 0.485475, 0.50002, 0.516744, 0.49731, 0.505083, 0.512038, 0.513973, 0.518088, 0.530912, 0.52385, 0.518456, 0.524485, 0.527399, 0.526766, 0.526842, 0.536363, 0.540206, 0.531847, 0.535129, 0.534901, 0.535695, 0.538264, 0.536142, 0.532671, 0.533955, 0.543798, 0.537033, 0.541242, 0.543317, 0.543102, 0.540769, 0.542463, 0.546342, 0.540101, 0.542003, 0.542687, 0.543013, 0.545742, 0.541871, 0.548037, 0.543337, 0.545599, 0.547569, 0.548074, 0.549776, 0.55019, 0.54941, 0.545975, 0.551854, 0.55111, 0.549269, 0.547671, 0.548261, 0.552033, 0.54808, 0.550735, 0.548691, 0.547996, 0.551429, 0.5487, 0.550396, 0.549985, 0.551127, 0.549852, 0.549012, 0.548747, 0.554044, 0.551997, 0.55413, 0.548011, 0.551239, 0.552187, 0.551491, 0.550897, 0.548358, 0.552554, 0.553417, 0.547263, 0.556501, 0.552628, 0.552358, 0.553245, 0.555697, 0.55437, 0.554905, 0.553966, 0.552003, 0.553612, 0.553297, 0.553189
0.888889, 0, 0.346574, 0.394322, 0.407812, 0.430038, 0.441295, 0.469688, 0.493325, 0.496911, 0.489053, 0.507374, 0.513368, 0.510386, 0.521131, 0.531967, 0.518067, 0.52849, 0.52739, 0.535472, 0.527182, 0.526646, 0.545193, 0.538185, 0.533189, 0.53976, 0.539707, 0.541264, 0.537648, 0.537298, 0.537154, 0.536285, 0.544463, 0.546982, 0.546474, 0.546971, 0.547213, 0.549837, 0.547201, 0.545639, 0.545136, 0.547863, 0.545255, 0.548875, 0.547712, 0.554006, 0.551724, 0.545931, 0.551592, 0.550631, 0.555297, 0.55502, 0.552978, 0.552805, 0.553893, 0.547642, 0.552727, 0.557058, 0.554183, 0.552245, 0.558614, 0.556066, 0.552906, 0.555461, 0.553674, 0.55513, 0.556499, 0.556725, 0.555888, 0.553845, 0.557104, 0.555861, 0.554672, 0.558352, 0.557013, 0.556622, 0.559333, 0.555807, 0.55964, 0.557483, 0.558693, 0.554754, 0.558324, 0.558072, 0.56153, 0.559765, 0.560565, 0.559324, 0.559545, 0.558142, 0.563773, 0.555567, 0.558541, 0.559404, 0.560516, 0.559205, 0.560455, 0.560332, 0.559334, 0.557108, 0.559373
0.893939, 0, 0.346574, 0.398628, 0.430027, 0.445105, 0.466529, 0.478791, 0.496452, 0.494823, 0.505187, 0.504682, 0.517346, 0.518536, 0.521395, 0.52943, 0.538973, 0.530716, 0.532852, 0.538736, 0.536846, 0.539412, 0.532413, 0.543289, 0.54497, 0.550852, 0.541149, 0.544131, 0.547989, 0.548438, 0.543641, 0.54119, 0.549457, 0.552564, 0.545604, 0.548461, 0.551142, 0.553392, 0.554751, 0.552971, 0.55641, 0.55348, 0.554336, 0.557593, 0.557673, 0.554172, 0.556425, 0.556093, 0.552743, 0.55504, 0.558121, 0.560119, 0.563564, 0.558681, 0.561247, 0.561176, 0.556896, 0.559562, 0.559589, 0.559201, 0.56096, 0.561727, 0.563129, 0.556325, 0.561623, 0.561247, 0.557584, 0.561511, 0.561722, 0.565557, 0.563775, 0.562357, 0.563388, 0.563118, 0.56404, 0.563144, 0.567427, 0.563626, 0.564818, 0.560769, 0.562508, 0.561227, 0.565582, 0.56641, 0.563195, 0.565876, 0.566741, 0.564724, 0.56634, 0.566531, 0.564415, 0.561871, 0.565897, 0.566324, 0.566133, 0.563284, 0.567617, 0.566675, 0.565942, 0.565867, 0.569378
0.89899, 0, 0.346574, 0.421079, 0.426566, 0.464434, 0.473938, 0.492299, 0.497358, 0.506428, 0.509364, 0.517743, 0.522262, 0.518674, 0.537127, 0.536061, 0.53993, 0.547777, 0.540058, 0.533777, 0.54568, 0.540508, 0.548571, 0.5519, 0.553392, 0.549199, 0.545796, 0.547712, 0.550971, 0.552126, 0.553836, 0.55454, 0.556194, 0.555455, 0.555924, 0.550587, 0.561149, 0.562183, 0.563777, 0.559737, 0.564796, 0.55963, 0.564254, 0.561822, 0.562103, 0.562055, 0.557499, 0.559139, 0.565291, 0.563764, 0.567652, 0.565117, 0.566222, 0.570964, 0.566048, 0.563706, 0.568067, 0.569265, 0.56528, 0.569658, 0.56511, 0.567541, 0.567413, 0.56799, 0.569116, 0.565794, 0.565101, 0.569257, 0.569851, 0.572174, 0.569489, 0.567364, 0.568015, 0.566014, 0.57102, 0.570379, 0.567563, 0.567924, 0.569167, 0.568846, 0.57379, 0.568334, 0.571209, 0.571527, 0.573734, 0.571926, 0.570043, 0.570074, 0.570831, 0.573963, 0.571722, 0.572811, 0.574475, 0.571773, 0.573325, 0.57375, 0.570302, 0.572809, 0.571807, 0.573057, 0.571613
0.90404, 0, 0.346574, 0.382739, 0.441392, 0.442805, 0.46049, 0.480152, 0.515266, 0.499827, 0.515881, 0.527702, 0.531506, 0.531592, 0.529838, 0.524366, 0.535759, 0.53965, 0.543587, 0.544542, 0.551177, 0.553479, 0.550779, 0.558452, 0.550427, 0.559628, 0.562312, 0.558207, 0.558354, 0.560884, 0.555935, 0.560851, 0.563642, 0.561083, 0.563963, 0.562912, 0.567576, 0.562376, 0.57068, 0.567706, 0.565373, 0.570745, 0.565805, 0.567745, 0.566381, 0.571408, 0.565601, 0.571427, 0.573692, 0.572311, 0.570147, 0.57316, 0.573474, 0.57229, 0.570894, 0.570825, 0.57561, 0.574783, 0.572417, 0.573533, 0.574243, 0.570834, 0.57513, 0.569491, 0.573468, 0.574875, 0.575162, 0.576626, 0.576338, 0.572615, 0.571706, 0.573997, 0.574762, 0.577608, 0.574376, 0.573325, 0.575614, 0.57663, 0.579795, 0.575427, 0.575109, 0.576767, 0.577926, 0.579038, 0.576286, 0.57642, 0.574733, 0.577475, 0.579554, 0.580122, 0.577362, 0.578151, 0.575947, 0.579279, 0.579043, 0.57741, 0.579743, 0.576572, 0.577358, 0.578656, 0.58
0.909091, 0, 0.346574, 0.387584, 0.423683, 0.469033, 0.486793, 0.498578, 0.494181, 0.506072, 0.528596, 0.538288, 0.534138, 0.536577, 0.540015, 0.541753, 0.557206, 0.534693, 0.55333, 0.551115, 0.548701, 0.55541, 0.555921, 0.564534, 0.561696, 0.562029, 0.565017, 0.564384, 0.567526, 0.563936, 0.564994, 0.564369, 0.5728, 0.563498, 0.577707, 0.566743, 0.570858, 0.5692, 0.571851, 0.571382, 0.574222, 0.576445, 0.573455, 0.57491, 0.576067, 0.569388, 0.575, 0.575095, 0.580485, 0.576085, 0.576759, 0.578524, 0.578011, 0.574294, 0.577519, 0.577283, 0.578842, 0.57729, 0.578895, 0.582429, 0.581687, 0.576488, 0.581734, 0.576724, 0.582483, 0.580289, 0.581642, 0.579793, 0.58004, 0.579228, 0.5793, 0.580143, 0.580431, 0.580234, 0.584399, 0.578932, 0.581734, 0.579999, 0.585657, 0.583255, 0.583199, 0.58089, 0.584601, 0.582389, 0.585778, 0.584318, 0.58437, 0.582487, 0.582207, 0.582787, 0.583609, 0.583987, 0.584747, 0.58374, 0.582244, 0.584573, 0.584979, 0.584564, 0.585154, 0.583068, 0.58498
0.914141, 0, 0.346574, 0.405732, 0.455517, 0.469023, 0.490292, 0.501908, 0.519066, 0.502711, 0.523966, 0.533279, 0.543375, 0.537737, 0.538123, 0.550219, 0.557459, 0.558706, 0.55825, 0.558846, 0.565649, 0.561013, 0.56032, 0.562095, 0.56845, 0.564389, 0.567781, 0.566203, 0.566422, 0.571447, 0.576279, 0.577588, 0.57028, 0.573072, 0.571323, 0.579967, 0.579563, 0.578205, 0.572551, 0.572509, 0.573849, 0.580805, 0.577832, 0.580057, 0.58198, 0.584679, 0.580602, 0.582106, 0.584472, 0.580509, 0.580155, 0.58219, 0.580611, 0.583127, 0.586322, 0.582148, 0.584983, 0.583124, 0.58641, 0.583334, 0.589905, 0.583184, 0.584776, 0.587163, 0.583428, 0.584557, 0.585491, 0.589015, 0.587072, 0.586989, 0.586218, 0.590213, 0.588933, 0.590425, 0.586899, 0.586217, 0.588568, 0.590011, 0.588958, 0.590846, 0.587793, 0.590705, 0.587776, 0.589945, 0.589749, 0.589618, 0.590348, 0.589898, 0.588996, 0.592241, 0.590233, 0.58853, 0.590644, 0.591319, 0.589687, 0.589936, 0.591705, 0.589624, 0.591954, 0.589675, 0.58958
0.919192, 0, 0.346574, 0.394955, 0.43974, 0.458389, 0.508447, 0.51535, 0.522676, 0.529937, 0.545825, 0.540489, 0.5536, 0.546985, 0.563631, 0.55147, 0.548065, 0.558968, 0.567338, 0.568509, 0.57107, 0.574517, 0.569835, 0.572446, 0.575662, 0.572658, 0.570777, 0.577112, 0.573063, 0.579306, 0.577741, 0.578643, 0.57958, 0.581569, 0.585129, 0.578205, 0.5819, 0.580865, 0.585641, 0.58207, 0.585976, 0.588219, 0.584981, 0.581765, 0.587676, 0.588124, 0.589562, 0.586603, 0.584828, 0.589084, 0.58782, 0.592032, 0.588737, 0.590436, 0.58877, 0.588395, 0.590618, 0.589362, 0.58917, 0.59214, 0.589967, 0.591186, 0.590382, 0.590163, 0.594459, 0.593653, 0.592059, 0.592997, 0.589055, 0.593093, 0.593774, 0.594537, 0.595807, 0.594189, 0.596841, 0.5945, 0.595443, 0.594842, 0.594915, 0.593631, 0.594556, 0.596105, 0.593575, 0.596751, 0.592948, 0.594682, 0.594419, 0.595334, 0.595097, 0.596853, 0.596322, 0.596987, 0.594897, 0.594436, 0.597838, 0.597413, 0.597898, 0.596838, 0.597795, 0.595262, 0.597852
0.924242, 0, 0.346574, 0.401358, 0.456503, 0.479982, 0.503364, 0.522614, 0.538322, 0.543537, 0.544655, 0.545616, 0.549837, 0.547739, 0.561748, 0.566551, 0.556239, 0.562853, 0.569752, 0.568526, 0.572857, 0.571121, 0.570992, 0.582656, 0.577172, 0.580317, 0.585659, 0.580531, 0.584998, 0.581524, 0.585939, 0.590954, 0.580497, 0.589446, 0.591141, 0.587496, 0.588895, 0.590738, 0.588689, 0.584983, 0.588377, 0.593205, 0.589842, 0.591773, 0.589638, 0.592035, 0.592443, 0.593414, 0.592902, 0.592474, 0.592029, 0.593289, 0.594353, 0.599246, 0.597003, 0.596544, 0.594355, 0.596424, 0.596493, 0.598718, 0.597598, 0.596553, 0.596526, 0.601255, 0.599012, 0.594477, 0.60014, 0.599209, 0.598159, 0.601072, 0.600866, 0.599454, 0.598778, 0.599872, 0.601055, 0.600663, 0.600849, 0.599951, 0.602115, 0.598486, 0.601414, 0.601376, 0.598355, 0.603296, 0.603285, 0.601834, 0.599953, 0.600374, 0.599234, 0.602863, 0.600225, 0.601564, 0.602028, 0.601546, 0.602693, 0.604549, 0.603744, 0.603704, 0.604415, 0.600789, 0.603663
0.929293, 0, 0.346574, 0.423818, 0.43896, 0.494993, 0.510537, 0.513232, 0.533406, 0.542986, 0.54433, 0.559585, 0.555235, 0.559957, 0.568342, 0.569357, 0.568281, 0.575539, 0.577964, 0.568733, 0.579599, 0.579575, 0.5801, 0.580251, 0.585591, 0.585886, 0.590212, 0.584061, 0.588555, 0.5916, 0.593345, 0.586756, 0.592837, 0.591607, 0.595073, 0.593136, 0.596498, 0.59624, 0.599145, 0.597273, 0.594999, 0.596167, 0.596813, 0.593828, 0.601177, 0.595201, 0.605324, 0.599235, 0.602215, 0.602299, 0.599679, 0.602938, 0.602092, 0.602717, 0.603054, 0.60088, 0.601169, 0.603804, 0.602785, 0.601404, 0.604235, 0.604973, 0.603734, 0.600129, 0.602456, 0.603173, 0.604926, 0.606006, 0.604235, 0.606459, 0.604113, 0.605859, 0.603612, 0.60605, 0.604577, 0.608778, 0.605735, 0.60525, 0.60465, 0.607584, 0.608159, 0.607543, 0.606837, 0.605983, 0.609313, 0.608843, 0.607593, 0.606119, 0.60682, 0.607732, 0.607414, 0.607882, 0.606835, 0.607625, 0.607241, 0.609422, 0.608038, 0.608518, 0.606101, 0.611471, 0.607806
0.934343, 0, 0.346574, 0.408521, 0.457262, 0.47707, 0.486871, 0.529395, 0.537599, 0.537249, 0.546155, 0.559015, 0.567143, 0.569844, 0.568346, 0.571722, 0.577069, 0.579803, 0.58801, 0.579816, 0.586712, 0.591402, 0.585455, 0.586017, 0.588224, 0.591769, 0.59224, 0.590376, 0.59393, 0.599887, 0.594168, 0.594852, 0.59681, 0.593533, 0.596361, 0.597974, 0.601194, 0.599132, 0.599355, 0.596102, 0.601595, 0.604023, 0.602722, 0.600512, 0.603872, 0.602923, 0.606901, 0.606198, 0.605765, 0.60411, 0.604756, 0.60767, 0.605426, 0.605871, 0.606694, 0.607539, 0.606986, 0.608045, 0.608721, 0.609022, 0.610541, 0.608425, 0.610474, 0.612044, 0.609724, 0.610246, 0.60967, 0.60875, 0.608924, 0.611662, 0.610314, 0.611874, 0.613529, 0.611238, 0.612245, 0.613144, 0.612337, 0.611756, 0.61198, 0.612766, 0.612726, 0.611766, 0.613415, 0.613032, 0.611638, 0.611805, 0.612362, 0.615062, 0.613441, 0.613265, 0.612335, 0.615105, 0.61466, 0.613757, 0.614281, 0.613624, 0.613563, 0.612589, 0.614569, 0.614223, 0.613066
0.939394, 0, 0.346574, 0.402405, 0.467691, 0.480891, 0.50427, 0.511856, 0.535409, 0.548053, 0.555803, 0.559356, 0.567465, 0.574252, 0.585694, 0.578876, 0.582189, 0.587153, 0.590847, 0.588573, 0.592994, 0.589319, 0.58844, 0.598164, 0.595292, 0.596656, 0.59608, 0.603686, 0.603296, 0.601567, 0.605928, 0.60483, 0.604808, 0.606441, 0.605448, 0.602681, 0.603428, 0.606542, 0.608258, 0.609405, 0.60766, 0.607213, 0.606815, 0.610399, 0.612551, 0.610728, 0.608921, 0.611736, 0.612844, 0.61079, 0.61026, 0.612365, 0.613506, 0.613528, 0.615262, 0.615868, 0.615396, 0.613265, 0.616761, 0.613771, 0.613941, 0.614614, 0.61449, 0.616148, 0.615615, 0.614576, 0.616885, 0.61619, 0.617708, 0.616238, 0.617142, 0.616254, 0.616133, 0.614884, 0.615839, 0.619439, 0.619111, 0.616225, 0.616318, 0.617182, 0.619294, 0.618948, 0.618148, 0.619793, 0.616641, 0.618669, 0.618082, 0.618642, 0.620927, 0.61985, 0.61869, 0.618748, 0.619605, 0.619904, 0.620306, 0.620776, 0.618367, 0.619236, 0.619827, 0.619774, 0.620779
0.944444, 0, 0.346574, 0.431398, 0.466904, 0.503597, 0.514552, 0.536429, 0.541897, 0.556903, 0.561914, 0.570173, 0.573981, 0.573741, 0.578044, 0.581601, 0.589128, 0.587853, 0.593045, 0.600258, 0.597284, 0.596889, 0.596986, 0.598234, 0.602724, 0.60439, 0.606621, 0.602008, 0.604323, 0.605678, 0.606972, 0.609464, 0.609394, 0.610917, 0.613673, 0.614844, 0.610737, 0.611565, 0.613342, 0.614217, 0.619735, 0.613028, 0.613951, 0.616777, 0.616343, 0.616475, 0.616487, 0.616658, 0.614419, 0.616004, 0.618981, 0.618986, 0.620963, 0.618692, 0.619807, 0.620204, 0.620653, 0.617619, 0.620256, 0.619629, 0.622661, 0.621739, 0.619683, 0.621269, 0.622944, 0.621957, 0.624426, 0.620491, 0.621181, 0.622886, 0.623017, 0.622603, 0.622413, 0.624312, 0.62274, 0.625189, 0.622362, 0.622937, 0.623867, 0.62233, 0.624669, 0.624075, 0.623876, 0.625407, 0.625753, 0.623782, 0.623528, 0.624171, 0.624847, 0.624639, 0.625602, 0.624506, 0.624822, 0.62485, 0.625351, 0.625034, 0.625231, 0.626959, 0.626854, 0.62632, 0.624287
0.949495, 0, 0.346574, 0.421992, 0.470854, 0.511296, 0.526461, 0.548075, 0.565551, 0.55734, 0.578171, 0.566178, 0.583721, 0.588609, 0.589166, 0.597116, 0.591926, 0.606983, 0.59394, 0.601748, 0.604152, 0.599797, 0.607109, 0.606517, 0.608448, 0.61104, 0.606309, 0.608403, 0.612057, 0.614018, 0.610943, 0.612305, 0.612325, 0.615134, 0.616768, 0.622181, 0.617154, 0.616754, 0.616875, 0.621661, 0.618056, 0.619673, 0.616673, 0.621377, 0.622605, 0.620703, 0.620207, 0.621283, 0.623679, 0.623179, 0.626413, 0.625373, 0.626368, 0.62427, 0.626719, 0.623658, 0.627168, 0.622455, 0.624768, 0.625239, 0.625401, 0.625605, 0.624339, 0.627045, 0.62654, 0.626568, 0.626117, 0.627526, 0.627353, 0.628144, 0.628193, 0.626885, 0.627569, 0.627571, 0.629008, 0.624756, 0.63016, 0.630747, 0.62861, 0.627075, 0.629476, 0.627705, 0.630141, 0.629542, 0.630719, 0.629916, 0.628498, 0.629673, 0.630951, 0.630696, 0.629927, 0.630864, 0.631068, 0.631279, 0.629825, 0.631439, 0.631007, 0.631341, 0.631761, 0.631153, 0.630234
0.954545, 0, 0.346574, 0.431763, 0.478959, 0.506942, 0.528865, 0.546022, 0.556685, 0.569673, 0.573893, 0.582666, 0.590612, 0.5869, 0.59361, 0.599042, 0.599954, 0.602769, 0.602204, 0.607489, 0.605474, 0.604151, 0.61232, 0.617042, 0.613025, 0.611613, 0.619685, 0.617035, 0.619871, 0.618193, 0.62177, 0.620748, 0.618784, 0.622904, 0.623905, 0.620789, 0.624908, 0.624724, 0.625434, 0.624437, 0.625046, 0.626513, 0.626209, 0.629129, 0.627703, 0.626527, 0.628034, 0.626726, 0.62951, 0.630714, 0.630148, 0.63168, 0.630822, 0.630557, 0.629795, 0.631636, 0.629991, 0.630173, 0.632147, 0.631455, 0.630052, 0.633768, 0.632244, 0.633059, 0.632616, 0.635173, 0.632399, 0.634348, 0.633123, 0.635122, 0.63446, 0.634507, 0.633964, 0.634503, 0.635313, 0.632823, 0.63481, 0.63542, 0.635107, 0.635921, 0.63547, 0.635159, 0.637121, 0.636565, 0.635579, 0.637249, 0.635506, 0.636273, 0.635175, 0.637489, 0.637537, 0.635321, 0.637189, 0.635225, 0.637011, 0.637247, 0.636294, 0.636065, 0.636254, 0.636042, 0.636686
0.959596, 0, 0.346574, 0.4232, 0.479735, 0.512059, 0.523482, 0.551022, 0.559905, 0.573348, 0.579811, 0.578583, 0.587442, 0.593686, 0.602979, 0.605857, 0.603518, 0.611815, 0.614895, 0.612772, 0.610732, 0.612644, 0.617818, 0.62084, 0.62142, 0.623591, 0.619575, 0.623503, 0.624291, 0.62388, 0.623966, 0.627043, 0.623697, 0.631116, 0.630691, 0.629426, 0.626833, 0.630951, 0.630929, 0.628189, 0.634305, 0.631367, 0.635239, 0.633441, 0.633755, 0.632674, 0.633223, 0.633555, 0.634051, 0.636982, 0.634212, 0.635472, 0.634298, 0.636167, 0.638736, 0.635491, 0.635843, 0.637104, 0.638246, 0.638551, 0.63698, 0.638333, 0.637927, 0.638803, 0.63904, 0.636416, 0.637838, 0.640185, 0.638834, 0.637524, 0.639728, 0.640658, 0.639911, 0.639601, 0.638689, 0.640396, 0.640199, 0.641124, 0.642535, 0.64086, 0.640567, 0.642675, 0.641134, 0.640706, 0.641221, 0.642994, 0.640042, 0.641636, 0.641542, 0.640862, 0.642349, 0.641617, 0.642322, 0.642635, 0.641989, 0.642472, 0.643405, 0.642835, 0.644427, 0.64225, 0.643941
0.964646, 0, 0.346574, 0.422414, 0.494396, 0.517907, 0.537238, 0.560189, 0.56586, 0.575201, 0.581985, 0.58983, 0.598416, 0.601597, 0.608337, 0.608073, 0.617367, 0.612023, 0.615574, 0.616702, 0.618571, 0.623348, 0.622709, 0.625995, 0.625016, 0.626988, 0.626389, 0.629389, 0.628964, 0.630548, 0.629949, 0.631795, 0.631077, 0.63223, 0.633542, 0.63384, 0.636486, 0.635337, 0.63491, 0.635229, 0.63804, 0.64108, 0.636187, 0.63869, 0.638884, 0.640896, 0.639049, 0.637535, 0.640612, 0.641712, 0.641435, 0.639936, 0.641473, 0.641544, 0.642519, 0.640805, 0.642123, 0.641629, 0.643493, 0.642377, 0.641783, 0.643963, 0.642479, 0.643237, 0.64375, 0.644715, 0.643489, 0.644242, 0.644344, 0.645303, 0.646604, 0.644225, 0.646401, 0.644334, 0.646242, 0.645635, 0.645514, 0.645173, 0.646798, 0.646096, 0.646045, 0.647661, 0.647175, 0.647583, 0.646657, 0.647738, 0.647058, 0.647356, 0.646571, 0.647556, 0.647193, 0.647421, 0.646226, 0.648493, 0.647117, 0.648414, 0.646881, 0.649194, 0.647767, 0.648328, 0.647768
0.969697, 0, 0.346574, 0.442684, 0.492952, 0.529387, 0.546262, 0.559875, 0.575214, 0.581369, 0.583592, 0.596605, 0.59831, 0.609193, 0.603796, 0.613652, 0.613958, 0.620001, 0.619769, 0.625615, 0.624221, 0.630426, 0.626025, 0.629948, 0.633296, 0.633792, 0.635124, 0.635938, 0.635489, 0.635871, 0.632301, 0.636721, 0.638659, 0.636855, 0.637799, 0.640275, 0.638065, 0.641121, 0.643087, 0.640795, 0.642458, 0.643428, 0.641552, 0.643948, 0.644008, 0.644233, 0.644848, 0.645802, 0.645191, 0.645551, 0.646401, 0.645971, 0.647561, 0.646312, 0.647248, 0.647999, 0.647046, 0.64674, 0.64801, 0.65098, 0.649405, 0.65048, 0.648892, 0.649306, 0.649192, 0.647929, 0.650172, 0.65039, 0.65033, 0.650711, 0.651288, 0.651394, 0.651573, 0.650545, 0.652281, 0.651816, 0.652696, 0.652337, 0.65202, 0.652821, 0.652993, 0.652563, 0.652713, 0.652416, 0.651315, 0.653224, 0.652714, 0.653559, 0.652868, 0.652553, 0.653806, 0.652819, 0.652927, 0.654248, 0.653784, 0.65459, 0.654488, 0.653928, 0.652338, 0.653119, 0.654226
0.974747, 0, 0.346574, 0.444038, 0.495944, 0.526588, 0.545291, 0.568122, 0.579261, 0.592004, 0.601949, 0.600717, 0.613269, 0.614939, 0.620924, 0.62297, 0.623889, 0.623601, 0.630545, 0.629964, 0.631788, 0.634493, 0.634161, 0.63535, 0.634459, 0.637676, 0.641509, 0.639217, 0.640332, 0.642349, 0.640617, 0.644226, 0.644924, 0.645076, 0.646184, 0.642712, 0.647059, 0.645045, 0.646584, 0.649202, 0.648065, 0.650545, 0.648127, 0.651141, 0.649861, 0.650556, 0.650345, 0.650262, 0.65085, 0.65182, 0.652103, 0.65366, 0.651922, 0.652294, 0.653355, 0.653282, 0.653111, 0.653681, 0.6545, 0.654558, 0.653488, 0.653743, 0.65483, 0.65561, 0.656538, 0.65575, 0.655189, 0.655232, 0.65544, 0.655346, 0.655926, 0.656447, 0.656178, 0.657082, 0.657638, 0.655337, 0.657131, 0.657709, 0.65634, 0.657206, 0.657054, 0.657506, 0.657007, 0.65859, 0.65898, 0.658043, 0.658261, 0.657511, 0.658478, 0.658615, 0.657642, 0.659024, 0.657916, 0.659103, 0.660122, 0.659335, 0.659926, 0.659024, 0.658985, 0.659395, 0.658089
0.979798, 0, 0.346574, 0.444841, 0.504271, 0.527286, 0.550667, 0.576726, 0.584895, 0.592309, 0.6, 0.612205, 0.613369, 0.618609, 0.623881, 0.628902, 0.63113, 0.632341, 0.631654, 0.636869, 0.639348, 0.641718, 0.640122, 0.641744, 0.640574, 0.643291, 0.644177, 0.647584, 0.647473, 0.649735, 0.648397, 0.648862, 0.649215, 0.649651, 0.649952, 0.653088, 0.651278, 0.653682, 0.65326, 0.652866, 0.654551, 0.654945, 0.654201, 0.657327, 0.655505, 0.65475, 0.656931, 0.656765, 0.659378, 0.656254, 0.65709, 0.658658, 0.656025, 0.658824, 0.659574, 0.658467, 0.660571, 0.659855, 0.660863, 0.659324, 0.660295, 0.661305, 0.660351, 0.660824, 0.661223, 0.660061, 0.661457, 0.66154, 0.659691, 0.662764, 0.662414, 0.661653, 0.662218, 0.662415, 0.66369, 0.661971, 0.663311, 0.661404, 0.663324, 0.662219, 0.661824, 0.662785, 0.663705, 0.663441, 0.66389, 0.662652, 0.664011, 0.665047, 0.663922, 0.663255, 0.66484, 0.664871, 0.664434, 0.664715, 0.663649, 0.664487, 0.663761, 0.664751, 0.664356, 0.665629, 0.664762
0.984848, 0, 0.346574, 0.455426, 0.506854, 0.540651, 0.559354, 0.580292, 0.59121, 0.60052, 0.60539, 0.611521, 0.618605, 0.624331, 0.627668, 0.626798, 0.632251, 0.638239, 0.638592, 0.641414, 0.642595, 0.644428, 0.648016, 0.648566, 0.645987, 0.648876, 0.648717, 0.65165, 0.653258, 0.654698, 0.652994, 0.654006, 0.653229, 0.654407, 0.655973, 0.657801, 0.656499, 0.659554, 0.659845, 0.659719, 0.659649, 0.659951, 0.658742, 0.660051, 0.661289, 0.660751, 0.663124, 0.662968, 0.662431, 0.663984, 0.663869, 0.664845, 0.663742, 0.66345, 0.664278, 0.663535, 0.664968, 0.664458, 0.664999, 0.665522, 0.666037, 0.665962, 0.665613, 0.665819, 0.666582, 0.666542, 0.666613, 0.665659, 0.666838, 0.667711, 0.667193, 0.667215, 0.667191, 0.66694, 0.667525, 0.667195, 0.667714, 0.668577, 0.668029, 0.669462, 0.668711, 0.667855, 0.667929, 0.667728, 0.668691, 0.668147, 0.669542, 0.669848, 0.66854, 0.669772, 0.669969, 0.669318, 0.668776, 0.669528, 0.67041, 0.669877, 0.669892, 0.670199, 0.669674, 0.670661, 0.67036
0.989899, 0, 0.346574, 0.450826, 0.508575, 0.545019, 0.567457, 0.583292, 0.596563, 0.60624, 0.613814, 0.620972, 0.626178, 0.628523, 0.634843, 0.634722, 0.639399, 0.640471, 0.643318, 0.646685, 0.647348, 0.651151, 0.64893, 0.65083, 0.654204, 0.654554, 0.656742, 0.654383, 0.657738, 0.657634, 0.658532, 0.659477, 0.658426, 0.661244, 0.663487, 0.663492, 0.662376, 0.664844, 0.664339, 0.664586, 0.66482, 0.664405, 0.66599, 0.666558, 0.666942, 0.666656, 0.667905, 0.66799, 0.669005, 0.668361, 0.668691, 0.668409, 0.669145, 0.669833, 0.669541, 0.668686, 0.670412, 0.67003, 0.669914, 0.670427, 0.670492, 0.671165, 0.67107, 0.671542, 0.670868, 0.671847, 0.671361, 0.671215, 0.672234, 0.672858, 0.672472, 0.673094, 0.672747, 0.673247, 0.673196, 0.673171, 0.673892, 0.673153, 0.673565, 0.673357, 0.673928, 0.673717, 0.674139, 0.673818, 0.67391, 0.67458, 0.674249, 0.673897, 0.674701, 0.674524, 0.675581, 0.67446, 0.675245, 0.675291, 0.675055, 0.675415, 0.675716, 0.675381, 0.675705, 0.675652, 0.675362
0.994949, 0, 0.346574, 0.461139, 0.517273, 0.548681, 0.573018, 0.59168, 0.602392, 0.608629, 0.619211, 0.625246, 0.630016, 0.634012, 0.639311, 0.641448, 0.644303, 0.645347, 0.64974, 0.652086, 0.653009, 0.655032, 0.656846, 0.656942, 0.658499, 0.659338, 0.661624, 0.663442, 0.662919, 0.664446, 0.663273, 0.66577, 0.667011, 0.66739, 0.667312, 0.66855, 0.66869, 0.668109, 0.668932, 0.669805, 0.670938, 0.670148, 0.671339, 0.671969, 0.672263, 0.67251, 0.671984, 0.673315, 0.674042, 0.673863, 0.673781, 0.673725, 0.674439, 0.67454, 0.675136, 0.675588, 0.674946, 0.675619, 0.675581, 0.676108, 0.676455, 0.676703, 0.676194, 0.676597, 0.677101, 0.677258, 0.677344, 0.677949, 0.677337, 0.677528, 0.677333, 0.678276, 0.678884, 0.678717, 0.677995, 0.678481, 0.67841, 0.678782, 0.678883, 0.679562, 0.679032, 0.678707, 0.679088, 0.679632, 0.679761, 0.679673, 0.679844, 0.680107, 0.680068, 0.680263, 0.680599, 0.680503, 0.67989, 0.680209, 0.680552, 0.680699, 0.680794, 0.680853, 0.681169, 0.680628, 0.68062
1, 0, 0.346574, 0.462098, 0.51986, 0.554518, 0.577623, 0.594126, 0.606504, 0.616131, 0.623832, 0.630134, 0.635385, 0.639828, 0.643637, 0.646937, 0.649825, 0.652374, 0.654639, 0.656666, 0.65849, 0.66014, 0.66164, 0.66301, 0.664266, 0.665421, 0.666488, 0.667475, 0.668392, 0.669246, 0.670042, 0.670788, 0.671486, 0.672143, 0.67276, 0.673343, 0.673893, 0.674413, 0.674906, 0.675374, 0.675819, 0.676241, 0.676644, 0.677027, 0.677394, 0.677744, 0.678079, 0.678399, 0.678707, 0.679001, 0.679284, 0.679556, 0.679817, 0.680069, 0.680311, 0.680545, 0.68077, 0.680987, 0.681196, 0.681399, 0.681595, 0.681784, 0.681967, 0.682145, 0.682317, 0.682483, 0.682645, 0.682802, 0.682954, 0.683102, 0.683245, 0.683385, 0.68352, 0.683652, 0.68378, 0.683905, 0.684027, 0.684145, 0.684261, 0.684373, 0.684483, 0.68459, 0.684694, 0.684796, 0.684895, 0.684993, 0.685087, 0.68518, 0.685271, 0.685359, 0.685446, 0.68553, 0.685613, 0.685694, 0.685773, 0.685851, 0.685927, 0.686001, 0.686074, 0.686146, 0.686216
